1.018548349231605243e+01 6.517179896036395803e-02 3.023623813155609241e+00
9.907525457500923949e+00 6.227406744264953886e+00 1.266603489199314936e+01
2.400938625410253735e+01 1.310377189403425291e+01 1.915405410995117563e+01
3.116434596502404020e+01 2.070168796530197142e+01 1.844166183219385857e+01
2.854471839615689532e+01 2.630089203023635491e+01 2.592920114693060896e+01
4.076981506702850311e+01 3.336905694482720719e+01 3.280989142272574099e+01
4.134438574950763723e+01 3.745800496560059401e+01 3.865249280044281477e+01
3.761182639870366984e+01 3.907003908944989234e+01 4.010349516044243501e+01
3.283759216886573995e+01 3.772809467499246239e+01 3.980582971791500313e+01
2.588606920290749258e+01 2.722340557733332389e+01 3.965841199243004667e+01
1.780061023922007735e+01 2.512615278021530685e+01 3.771561904863210657e+01
1.953734825408901088e+01 2.666289842421792855e+01 4.048443133555338136e+01
2.905595918320432247e+01 3.213614277478154690e+01 4.850531217411389662e+01
3.599307458030307316e+01 5.327946514816812851e+01 5.667096221718657034e+01
5.020364228630933212e+01 6.181410381520981900e+01 6.190527969829054200e+01
5.484676305350785697e+01 6.631032297400633979e+01 6.831840642957286036e+01
6.567971105835385970e+01 6.643307792373434495e+01 7.173698684812916326e+01
5.202589129718126060e+01 6.616050765440377290e+01 7.153778523907294584e+01
4.579237267341341067e+01 6.200715147360460833e+01 6.969389577261154045e+01
3.793855250855176564e+01 6.814836847184596991e+01 6.230220201560223359e+01
2.929678569658335618e+01 6.283556825968298654e+01 5.739977811663447937e+01
2.639230794172726746e+01 5.587145458924442210e+01 5.171821261591958319e+01
-6.791393186066670751e+00 -1.003968366563640302e+01 -5.708531645197581383e+00
-7.803001083082563127e+00 -1.000463506648793555e+01 2.677193807232470135e+00
-1.317408309669372102e+01 -2.711507148205782869e-01 1.446787117908570508e+00
3.953203433906310238e+00 3.200601433432893828e+00 1.477856463781790808e+00
1.633333574750758999e+01 8.000819826487713726e+00 8.180241353690689721e+00
1.062809720918357925e+01 1.551551123756235029e+01 1.471614532782496099e+01
1.853136117124995508e+01 2.116503147546154651e+01 2.099331503742178029e+01
3.549671417623358138e+01 2.442829439410706982e+01 2.302038943322440900e+01
3.071152008233275410e+01 2.694804468559232191e+01 2.334151632563043677e+01
2.173718494528293377e+01 2.356650113080468145e+01 2.278142338497946184e+01
1.805006648622202192e+01 2.121864587278560066e+01 2.395849241709856869e+01
1.980820223003775027e+01 2.638083063740850776e+01 2.666604035432828823e+01
2.989365895524770167e+01 2.940542056111644342e+01 3.258588128863084421e+01
3.728630097249606479e+01 4.311494470087200170e+01 4.562648596952203661e+01
5.233061907651244837e+01 5.133425519965385320e+01 5.137779757765201794e+01
5.258656744724430609e+01 5.620331517827162315e+01 5.861914400662317348e+01
5.793567943422840472e+01 5.822762177003733086e+01 6.098475225590300397e+01
5.421821868648748932e+01 6.018211592280840705e+01 6.212595703110855538e+01
4.769151480279379030e+01 6.406688622813635448e+01 5.742255638402002660e+01
3.326127202014777140e+01 6.340580748574848258e+01 5.685070726330286561e+01
3.169635872407252464e+01 6.065251575171896548e+01 5.567712715142261004e+01
2.847270123012003751e+01 5.580837609062109550e+01 5.332093413333495846e+01
-2.912227705589884863e+01 -1.272562249009388324e+01 -1.368685792763972131e+01
-2.995071216054748220e+01 -2.332325307672090275e+01 -1.249717122606034536e+01
-2.172973447168351413e+01 -1.848984261227360548e+01 -1.427157629291741614e+01
-2.393345813464202365e+01 -1.446335890394402668e+01 -1.566313290449852502e+01
-1.789000325632878230e+01 -1.094235110532008548e+01 -9.095729334697352897e+00
-4.605531410270486958e+00 -3.540246155463137256e+00 -1.503849390844152367e+00
5.577557212226565753e+00 3.250909828720978112e+00 4.184747388624600717e+00
1.541059230966493487e+01 6.908187460155204462e+00 7.212371101819371688e+00
2.632702585616516444e+01 8.987295171918958658e+00 3.746635734649316873e+00
2.047107335305099696e+01 1.068474983222131414e+01 5.113080355678903288e+00
1.688748117706745688e+01 9.764597348367715313e+00 6.055964715817935939e+00
1.871985793252861185e+01 1.117704415586194955e+01 6.947495208612053830e+00
2.866589583278710052e+01 1.646677192946026480e+01 1.206663337165355188e+01
2.777337757563600462e+01 2.779636994078737189e+01 2.435199670866495580e+01
2.952820944824179605e+01 3.436334637131767522e+01 3.118593245805095648e+01
3.838655752119211684e+01 3.770816177005417558e+01 3.609211819743177330e+01
4.463150841689366644e+01 4.176406112373570068e+01 4.051242111038391158e+01
5.290699095731633861e+01 4.461096242633357178e+01 4.438677351550722960e+01
3.328806911963420134e+01 4.861844415656651108e+01 4.182297411071704119e+01
3.366796674389661348e+01 5.148817800757205987e+01 4.625196033020711184e+01
3.201789896262653201e+01 5.239271374638337875e+01 5.043803154784563958e+01
2.870030401635813178e+01 5.081372333994477231e+01 5.196083460768295481e+01
-2.899372886763558199e+01 -3.145998853516084637e+01 -2.193871123637018172e+01
-2.994186085837918654e+01 -3.154601391584947123e+01 -2.231424633873029961e+01
-2.935320308861537342e+01 -3.055344058378977934e+01 -2.672709368034520594e+01
-2.496097152655329410e+01 -2.519111397999859037e+01 -2.764785900698279875e+01
-1.890347175110673561e+01 -1.753763217613413872e+01 -1.850507468957584933e+01
-5.221050887381352368e+00 -1.000357241218262061e+01 -1.155970197504484531e+01
-4.740060664858901873e+00 -7.692111351407220354e-01 -6.553957416505909350e+00
-1.630852061875884829e+01 -3.768504314089113905e+00 -4.931218098219687818e+00
-2.124534116467657441e+00 -7.725655844532411720e+00 -1.002981767352594034e+01
-4.120659868091024691e+00 -3.734914818022843974e+00 -1.018605831663444405e+01
-6.961839983639038110e+00 -7.200650822903298831e+00 -1.097779077330415021e+01
-8.132406094393445528e+00 -6.646874000373827585e+00 -1.257952332092190773e+01
1.091802647386430181e+00 -1.181643768625690427e+00 -8.346108567950977886e+00
-9.096848970631072007e+00 5.676314674071363697e+00 2.656256496202331618e+00
3.738648311533324886e+00 1.454178486730324948e+01 7.573792728305306809e+00
2.140305390376943251e+01 1.432569378847256303e+01 1.128269477784033370e+01
2.821481040925391426e+01 1.633004943677224219e+01 1.469624721905529441e+01
-1.476731392387591768e+00 2.011519954373852670e+01 1.245229319900681730e+01
3.141377570359782112e+01 2.706349982308984181e+01 2.040808152518184215e+01
3.173067341347268666e+01 3.385052878274200339e+01 3.290457877038443257e+01
3.013400801639818383e+01 4.607253800648868491e+01 4.554886075425383751e+01
2.697273580994988151e+01 5.596187993259900395e+01 5.300611552852842578e+01
-2.937897374637486791e+01 -1.378999109881351615e+01 -2.699111766089299635e+01
-2.882150258929141273e+01 -3.296071226443655178e+01 -2.870450697524302086e+01
-3.052980615364504047e+01 -3.041065821008851344e+01 -3.157670596613570524e+01
-2.958164750713876856e+01 -2.454203338805018575e+01 -2.727796021412632399e+01
-1.411543707692089811e+01 -1.594571262632507569e+01 -1.962516131401207531e+01
-1.706161102359146753e+00 -6.631064893353141088e+00 -1.205803638945599232e+01
-1.260715437934777583e+00 -3.827776422943315993e+00 -7.654903512961936940e+00
-8.982923392464726930e+00 -8.015945345187901694e+00 -6.013552736072597327e+00
-1.601892236925414181e+01 -9.074033901289112691e+00 -1.284373657426658610e+01
-2.302482251641777111e+01 -1.580065671662396198e+01 -1.810170053028923576e+01
-2.582287287229883077e+01 -2.047219660958944587e+01 -2.315037477785335795e+01
-2.742048788644024171e+01 -2.223423927315434412e+01 -2.400433212895586621e+01
-2.760108097521606396e+01 -2.244292246781787981e+01 -2.106882881778619776e+01
-2.828707584074891201e+01 -1.794426495560492185e+01 -1.191330952319367498e+01
-7.781897038236820663e+00 -8.452733417268973426e+00 -7.891956087089056382e+00
-3.068407904024752497e+00 -1.356690319968492986e+01 -1.103047606343079678e+01
-1.976637688131086179e+01 -1.382129811053437152e+01 -7.496259502352586424e+00
-2.097911097960241023e+01 -7.955605791026755469e+00 -1.295847714652245486e+01
-2.868169957840109419e+00 4.933361622324810014e-01 4.171422449462625082e-01
2.777142525646013382e+01 1.766133183781221305e+01 1.877638974007913930e+01
2.635437528971669963e+01 4.248844654053027625e+01 4.413293511939264135e+01
2.357075985007031704e+01 2.834747585909190093e+01 5.807345832460032398e+01
-2.871317926297342638e+01 -3.722476169145193126e+01 -2.989941286775410845e+01
-2.805116217962950032e+01 -3.229972979764534102e+01 -2.896693471427897748e+01
-2.961193523255406035e+01 -2.866539233842831891e+01 -3.145328497195441741e+01
-2.859613780642848724e+01 -2.230629310625135986e+01 -2.283816304470838077e+01
-9.755990351078253298e+00 -1.336266338976383850e+01 -1.432739250167742284e+01
1.793737084129134018e+00 -3.913766280817071674e+00 -5.749106239552929765e+00
2.176449683624923637e+00 -9.148970009873664821e-01 -2.663559997474294505e+00
-7.251031835272442549e+00 -7.081531941549656040e+00 -5.182846385272569023e+00
-1.852776910076590866e+01 -1.299954774104116950e+01 -1.290491660400584806e+01
-1.952477756094322103e+01 -1.823119444886378915e+01 -1.754802389381802641e+01
-1.901322662818256504e+01 -2.242562654749872308e+01 -2.286084869164551492e+01
-2.720298361589539127e+01 -2.557509484451838944e+01 -2.644296063037836575e+01
-2.843417021807726996e+01 -2.521363285457664460e+01 -2.338673731631115515e+01
-2.919381650342074863e+01 -2.064728336223743099e+01 -1.840458075883543643e+01
-2.491665660073977051e+01 -1.163618856429548032e+01 -1.882062991195198265e+01
-1.413475216447204730e+01 -2.118614081314080977e+01 -2.323463897154579172e+01
-3.668375067866418249e+01 -3.215524488538812875e+01 -2.606282725787605159e+01
-3.865738223288462905e+01 -3.142537208551948424e+01 -2.940730928942684841e+01
-1.236139015554545040e+01 -1.453544805293677200e+01 -1.359667214221462928e+01
5.840104973563029489e+00 2.901261338041877025e+00 2.022229130502819316e+01
2.134243621252699086e+01 3.144163136172119266e+01 4.435024139652523445e+01
2.818905606346652348e+01 2.912266280638414173e+01 6.262440448257802927e+01
-3.740379707543161203e+01 -3.677731121487613564e+01 -2.946847905519825872e+01
-2.545814784677804710e+01 -2.919742065978971368e+01 -2.821462921796319279e+01
-2.679284776081112796e+01 -2.568512298512359848e+01 -2.603522805658121797e+01
-1.911933355817745905e+01 -1.979769547108753613e+01 -1.701434470980439073e+01
-1.095498832960674918e+01 -1.149714124067031662e+01 -7.976562602194462670e+00
-2.622319763296218298e+00 -2.655268608184087498e+00 -1.416631472011431470e+00
1.949205347723363957e+00 1.367091460931078473e+00 7.998916561455189367e-01
-8.167860329913310125e-01 -4.423389974071142206e+00 -2.393689005156375060e+00
-1.351613886852646829e+01 -9.839589794113635435e+00 -1.095233510166053748e+01
-1.424338963134869118e+01 -1.473743441350052308e+01 -1.262409978754294571e+01
-1.387026255673754349e+01 -1.701083807258874003e+01 -1.574689447873151948e+01
-1.948550218207674334e+01 -1.860786145798010693e+01 -1.850353896353408345e+01
-1.585392384892293194e+01 -1.889564646127109881e+01 -1.722779678739880183e+01
-1.460898556985011965e+01 -1.717250915510248888e+01 -1.468893522155303799e+01
-1.458336366105231718e+01 -1.799612850697758404e+01 -1.562532243987971015e+01
-1.357203976281016367e+01 -2.663429248903412372e+01 -2.033621662419136555e+01
-3.881539339897881291e+01 -3.380723390835464670e+01 -4.164735847582869610e+01
-4.090158497528682346e+01 -4.033018428973355185e+01 -3.588607663285620220e+01
-4.038545200846692751e+01 -1.779511371863736713e+01 -1.252570239379565464e+01
2.988208053956896038e+01 1.538172181472691591e+01 1.557361878331721528e+01
2.996655189074499503e+01 4.013666501772240736e+01 4.723842371497539716e+01
2.831349490460161178e+01 5.798786681022556877e+01 7.420717035791767557e+01
-2.970041329954892717e+01 -3.645751376513908326e+01 -2.406031112272830796e+01
-2.973184780447809317e+01 -2.676056878236613557e+01 -2.843690103998869745e+01
-2.485526214916080789e+01 -2.529477939468870318e+01 -2.200611427161038591e+01
-1.868628290625929367e+01 -1.757661854755224340e+01 -1.377244339594108169e+01
-1.110160158799044439e+01 -1.050404434967367706e+01 -5.813557985282386653e+00
-6.897819341393187642e-01 -5.894508118312842271e+00 -2.055821741795625712e+00
-1.371570607459034363e+00 -2.630788363356259651e+00 6.709535629861420603e-01
-4.148636446135242295e+00 -3.562117321693222038e+00 -2.595835824859022978e+00
-9.161401449523509655e+00 -7.923778524826957437e+00 -7.741842423602975032e+00
-9.032478705847097444e+00 -1.185031779257315065e+01 -1.101599244154840562e+01
-8.219335456929911743e+00 -1.066563999307163613e+01 -1.195839016171430558e+01
-7.238265692855748057e+00 -6.667093614593795792e+00 -8.568727057134310598e+00
-4.490884118157737248e+00 -1.137487754456196853e+01 -8.232565526651342225e+00
-3.598239518177251739e+00 -1.080341691868943599e+01 -1.458206237997910648e+01
-7.598877632104631630e+00 -1.418961782051064802e+01 -1.592493122548148676e+01
-1.006548296814617061e+01 -2.435328608133659145e+01 -2.511791610906311689e+01
-3.339129969329496816e+01 -3.135652623446367215e+01 -3.849979295564025961e+01
-4.066088946086620126e+01 -3.792070216649062786e+01 -3.635965428776944464e+01
-1.688810394781921786e+01 -1.391406868616923020e+01 -1.849337897438363143e+01
3.164402702669849532e+01 1.360420664163120819e+01 1.077586612433060509e+01
3.170894753853826842e+01 3.945732839640095335e+01 4.273293678096069925e+01
2.993797229319625330e+01 5.833440883066850802e+01 8.239226012501239893e+01
-3.020241602074383991e+01 -3.275492634081183496e+01 -1.833216990324490325e+01
-2.949306478647940821e+01 -2.786383128164379741e+01 -1.964402872780738107e+01
-2.299977844428576645e+01 -2.473637068017342244e+01 -1.907163190766732441e+01
-1.986334392996923270e+01 -1.902122942634468927e+01 -1.430962987312705081e+01
-1.694566233555542567e+01 -1.295523313479679928e+01 -1.011342488961327035e+01
-3.517117763677561015e+00 -7.740433106467207836e+00 -4.212046971152631158e+00
-2.914639720663217304e+00 -5.948177751021830773e+00 -2.327656074510741746e+00
-9.799990995650659897e+00 -7.959733101013625856e+00 -5.863954240032398957e+00
-1.052789103088343836e+01 -8.896704192393372068e+00 -8.044244232991331955e+00
-1.041901496343598410e+01 -9.721165596369246487e+00 -9.964674996939720586e+00
-9.521646758950737421e+00 -1.015143205749518529e+01 -1.119669386288023816e+01
-6.932194143725610047e+00 -8.644519049663358601e+00 -7.436682521334660123e+00
-5.373740188701958687e+00 -6.420103681627551850e+00 -8.471127005715970881e+00
-4.493493346109971753e+00 -1.161746050299916533e+01 -1.220271121933456016e+01
-1.272577608312531083e+01 -1.518472076754005684e+01 -1.736623211052028637e+01
-1.500933581225945090e+01 -1.554014348308010085e+01 -2.709345281701553176e+01
-3.008556464770390448e+01 -3.719360705931740085e+01 -4.161006617149087106e+01
-5.155099807989336114e+01 -3.994236925600034738e+01 -3.810260219312840491e+01
-8.237532979187562887e+00 -2.406075316501664929e+01 -2.262543075005305582e+01
3.152246739123893349e+01 5.838446220286641619e+00 4.268994103429577081e+00
3.158867330834436871e+01 3.066021821359754540e+01 3.192068108364674117e+01
2.982758481165546982e+01 4.924378887986404152e+01 7.850840512099057378e+01
-2.163370018701243680e+01 -2.680298040932029835e+01 -1.261203331703381991e+01
-1.673167322707740823e+01 -2.436322927988385345e+01 -8.111084227236460720e+00
-8.826801777324362774e+00 -2.079841355835287686e+01 -1.593992862566210533e+01
-8.724419644675435848e+00 -1.693221877228825178e+01 -1.339781890490939986e+01
-8.054442750183625321e+00 -1.217041856118612486e+01 -1.174146173653298320e+01
-5.983571618199675868e+00 -6.515041586152619857e+00 -9.124353571073697822e+00
-9.912890577870712150e+00 -8.347714022251238930e+00 -4.852588870076942840e+00
-1.095392661614823737e+01 -1.041973144699568365e+01 -6.704450775802797580e+00
-8.540951215778477490e+00 -9.304060546318396518e+00 -7.834284597420264618e+00
-8.095741091132367728e+00 -9.063661382591817528e+00 -8.871169411664595827e+00
-1.330644798098364845e+01 -1.219255174427507882e+01 -1.073571644743879006e+01
-1.009328707052463869e+01 -1.086975308783712535e+01 -1.286140258014893334e+01
-9.066357605236589734e+00 -1.376429393174021243e+01 -1.622627951248796307e+01
-2.089822773500327457e+01 -2.123247573855496739e+01 -1.936059890484284551e+01
-2.660297324857401691e+01 -2.670924094523525127e+01 -2.679156051742575073e+01
-2.376320213445433183e+01 -3.398330822558091313e+01 -3.638548953054214508e+01
-4.129927633892202721e+01 -4.239623925631076418e+01 -5.107589240442575829e+01
-5.577009060219461389e+01 -4.773693035126143513e+01 -4.821329808957125351e+01
-4.231514534635152813e+01 -2.638854011361490848e+01 -3.165254274303879356e+01
5.499551473391875334e+00 -6.382277133911884448e+00 -7.817980646676915057e+00
5.879457883275790664e+00 1.222132715438328887e+01 2.176015883730997302e+01
5.873992343499594426e+00 2.658702558205550304e+01 7.196521044278051704e+01
-2.092948486633122229e+01 -2.002894954059956945e+01 -1.632828427154709061e+01
-1.592099909485386888e+01 -1.937825173838973569e+01 -8.363415957286633784e+00
-9.989428829809185117e+00 -1.572765348874963820e+01 -5.765732572112028720e+00
-9.794567258894858242e+00 -1.222491537296718889e+01 -4.665095848424243741e+00
-8.964551099710661219e+00 -1.019030474451210466e+01 -9.219076273041537206e+00
-7.687671516479895217e+00 -8.101274495116740582e+00 -8.533724019789588056e+00
-9.406761525430738402e+00 -8.976353559678500460e+00 -6.451672446537486394e+00
-1.032801425217985525e+01 -6.703946657992673863e+00 -5.747622136329482601e+00
-4.282584369238065847e+00 -1.050499274708272424e+00 -6.322304403223824920e+00
-3.748417705071915407e+00 -5.457945392884539615e+00 -6.509849346713963314e+00
-1.277395350770984805e+01 -1.037462470262289571e+01 -8.748992272285249783e+00
-1.326756071020099625e+01 -1.097931109787077730e+01 -1.257658640283534623e+01
-1.279267404253005225e+01 -2.204951634032750007e+01 -1.915633297523800138e+01
-3.418673051187670353e+01 -2.983984998294090474e+01 -2.592646911014526268e+01
-3.514961609798137943e+01 -3.049993080209424079e+01 -3.158130600344156846e+01
-3.372099689784408838e+01 -2.893648741649485601e+01 -4.573668694354273612e+01
-5.305621992959095223e+01 -5.144828960904123960e+01 -6.179842255852145172e+01
-6.670907062791502540e+01 -5.930630654638935084e+01 -6.210248456017689023e+01
-4.136535227451895480e+01 -4.755949123401387624e+01 -4.698167143609407503e+01
-2.545767751401945134e+01 -2.268430454908138927e+01 -2.324549929076420085e+01
-8.084407345661929867e+00 -3.703145411113837326e+00 7.736397966428739892e+00
-7.119988535024276644e+00 -8.721834133759330143e+00 6.232484869280506246e+01
-1.828910418169743934e+01 -2.633230080435441778e+01 -2.378967034854940721e+01
-1.362377388057575445e+01 -1.573920964677017764e+01 -1.343885946474529192e+01
-1.037258928549999837e+01 -1.014937895340790419e+01 -7.366096020226905239e+00
-1.010186979639183846e+01 -7.772187186184055463e+00 -2.041944904102820146e+00
-9.177894329651280714e+00 -8.100369672136366717e+00 -6.486804094834951684e+00
-6.693639768135653867e+00 -8.621072595601617650e+00 -9.162140456298402569e+00
-1.077863699760655436e+01 -7.213954674185515614e+00 -6.816080599658562278e+00
-2.634868861767245107e+00 -7.030482883889817458e+00 -6.269492627915496996e+00
1.901753727191135113e+00 -5.259971219932594977e+00 -4.137028864008243545e+00
3.041258346683207492e+00 1.642831193958045333e+00 -3.133195058596356830e+00
-5.201706566298526013e+00 -4.048852710167921032e+00 -3.755672449171470362e+00
-1.321574816430256760e+01 -8.780781070101511432e+00 -8.250853978875966277e+00
-1.274441830416890298e+01 -1.437939426564753376e+01 -1.560912766221372294e+01
-1.721740255645636353e+01 -2.098928315061584726e+01 -2.206104178231453261e+01
-2.812434166971888772e+01 -2.715298365741091402e+01 -3.116413643646956189e+01
-3.291409900581493275e+01 -2.339591552190449875e+01 -4.781225331975019799e+01
-8.130994804221882077e+01 -7.479161763861975487e+01 -6.755106184166106686e+01
-8.066346230390081473e+01 -7.772470330695523444e+01 -7.320883127189335937e+01
-3.772106122140939988e+01 -6.040550752617309627e+01 -6.736944513243179244e+01
-3.213041332427201269e+01 -3.975837869795122970e+01 -4.051983161812768230e+01
-2.892564019453311630e+01 -1.585186289421108086e+01 -9.069190245108075032e+00
-2.443322369975066977e+01 2.290800722948006296e+00 3.467337354373557901e+01
-1.440475310026613442e+01 -4.760487792932963202e+01 -4.007040039309322310e+01
-1.043637436803965102e+01 -2.977740297522723267e+01 -3.311653071117325453e+01
-9.885254628549773770e+00 -7.052636136352703033e+00 -1.575617201779095922e+01
-9.574626319956223597e+00 -6.594282232003934041e+00 -5.461211939836175588e+00
-5.188337654190036119e+00 -6.643929564205791394e+00 -4.757415854588543880e+00
-5.327229025845554133e+00 -7.896336007734134910e+00 -5.466273169196028903e+00
-8.303329911042965250e+00 -8.077327554723524372e+00 -7.282979204615003255e+00
-7.259682402895123232e+00 -7.174512595414853422e+00 -1.832513357220705075e+00
4.050161794636551349e+00 -4.811228140655657626e+00 2.636252014581259573e-01
5.324678670649518608e+00 6.742370244664016354e+00 1.889900100578415731e+00
6.249953065060253721e+00 2.017825074978645716e+00 2.583887111539297621e+00
-2.436233085553794808e+00 -1.491187434663515887e+00 -2.879791574742739613e+00
-7.003273732321758871e+00 -7.089561995488111279e+00 -9.453153277650926611e+00
-1.094127144711274013e+01 -9.149382329336731345e+00 -1.138919164541312057e+01
-1.272434176768092584e+01 -1.190693761447437282e+01 -1.900177438713490119e+01
-3.475359490747905511e+01 -4.385334356004750589e+01 -4.202608814063569298e+01
-6.870799440490009147e+01 -6.165669171613808430e+01 -6.279710557315138431e+01
-8.784490637605904340e+01 -7.497148449769065337e+01 -7.646102371730830782e+01
-7.493504231186489051e+01 -7.006089363283354032e+01 -7.115651009825342044e+01
-4.478666739294931176e+01 -4.391742779431842791e+01 -5.062796386777063162e+01
-3.517078121967369952e+01 -1.876365599299424503e+01 -2.527950608670471411e+01
2.554635050318211142e+00 1.470140969462590874e+00 -6.297675495034127380e-01
-6.341565680861458532e+01 -6.587432442081717454e+01 -6.399214067951561447e+01
-5.208716984023976693e+01 -4.958616893810449255e+01 -3.967266773479786934e+01
-7.785306763396874885e+00 -3.234095634225104732e+01 -1.930621854175205954e+01
-6.549252427043938951e+00 -3.769072573215453303e+00 -1.509508422904673353e+01
-1.576343788883605157e-01 -4.291912847888852411e+00 -6.056477513577192440e+00
-4.144324965443956899e+00 -6.244514028005141881e+00 -4.789330228601102135e+00
-8.427068854921344609e+00 -1.118491754099704849e+01 -6.347292543672665488e+00
-1.205179684855647793e+01 -9.255344011939996562e+00 -2.942917784483142896e+00
-4.874944795412375242e+00 -4.019691122351105150e+00 2.470561034989259497e+00
9.197643291284293809e+00 4.300058482247550273e+00 5.359089491535087291e+00
9.005417435322669917e+00 3.809302157743331918e+00 1.240594999158929568e+00
-2.438593407629923604e+00 -1.233635332772792026e+00 -1.975133899225511414e+00
-8.423923605516392854e+00 -7.868938100578816375e+00 -2.491400456700830546e+00
-3.332694439452097868e+00 -8.981915823460440151e-02 3.621472962076950353e-01
-2.183832752720263670e+00 4.238620480755344033e+00 -5.476846095589280594e+00
-2.574924823906076199e+01 -2.532860949907353643e+01 -3.074407090209842863e+01
-5.996359150573607621e+01 -5.939315307954711898e+01 -5.636313209467789420e+01
-8.645812517643571482e+01 -7.394646618883507472e+01 -7.074929976742805593e+01
-7.361424754426934669e+01 -6.781734866510578286e+01 -6.609913448481074738e+01
-4.074774655684450408e+01 -4.570528539651786559e+01 -4.470847855619194888e+01
2.605317773025490169e+00 -1.745335479522600508e+01 -1.989703696379638131e+01
2.637326291372119158e+00 -1.030540345155168325e+01 3.318870267956299358e+00
-8.525450745702983113e+01 -9.522242618501513789e+01 -7.929417212426506012e+01
-7.229941327482993074e+01 -6.597622801354555122e+01 -5.091487902844710334e+01
-5.976744692858119379e+00 -4.443226766414500162e+01 -2.649680736507798429e+01
-4.889547402060088643e+00 -2.621797914506714733e+00 -1.924724781203258317e+01
5.446346353746776003e-01 -2.744053592697127897e+00 -1.088064480015236768e+01
-3.472393629240286828e+00 -4.105706939869378402e+00 -6.228199546420910337e+00
-7.844609767852489313e+00 -9.715274266384767543e+00 -1.047590820956520474e+01
-1.159952636418620386e+01 -6.863588663513837673e+00 -8.362429952092497842e+00
-2.722365729358898534e+00 -5.561852416930378240e+00 -3.990671103921158647e+00
1.020991901064189733e+01 4.084174362360499799e+00 2.008783964005488087e+00
3.173026339132775320e+00 4.632870003547395754e+00 2.363243662470267736e+00
-4.618601831126397883e+00 1.320208656866270758e+00 1.331177535689676006e+00
-1.226301522964604374e+00 -1.288781325271884270e+00 7.713679148021583387e+00
2.861751043886397383e+01 7.843673497795862204e+00 1.136614589187320234e+01
2.787956978484453430e+01 1.124815819250852655e+01 6.836162531329136982e+00
-1.735487471441774687e+01 -1.211320927667111391e+01 -1.547264177928991558e+01
-3.319596633332002966e+01 -4.690495295877008175e+01 -4.305491942696335173e+01
-3.217521954775656923e+01 -5.680910327042874997e+01 -5.355449652430252172e+01
-3.884209150404603861e+01 -4.774155938112471631e+01 -4.950409457723981177e+01
-2.810414585712987900e+01 -2.417573743581306189e+01 -2.618134829579685174e+01
2.531195271966680593e+00 -3.918004802098039363e+00 -6.215811416242104315e+00
2.564881149080974865e+00 1.064740936528960447e+01 1.710004528279114311e+01
-1.053628112845935902e+02 -9.182143046298097033e+01 -8.580171978246835351e+01
-8.012462908616726054e+01 -8.001015966532213497e+01 -5.475683225060947734e+01
-5.513954026990541024e+01 -6.184449983659305872e+01 -2.669577099583148083e+01
-3.974664271171604923e+00 -2.685065648548425088e+01 -2.126282501831155969e+01
-3.615740990767335461e+00 -2.715828085687462590e+00 -1.409530907462340110e+01
-2.577483354354626499e+00 -7.115737102510138357e+00 -1.196496096165446943e+01
-6.700010769037362479e+00 -1.595244727619774494e+01 -1.959867706455133884e+01
-1.029621252884408023e+01 -1.690627748101178440e+01 -2.083267123074165283e+01
1.177968723986850819e-01 -1.483746818740382878e+01 -1.257021031389467680e+01
-1.326968459669842559e+00 -1.493346642559117754e+00 -6.013277213900437346e+00
1.048363639634044375e+01 1.608886116181565740e+00 7.523850278685131343e-01
-3.974392586827889318e+00 4.205150958709054976e+00 8.927832533028777107e+00
4.585757513216776715e+00 9.154630762827764556e+00 1.244666877004874550e+01
2.925595517806686985e+01 1.715339496990600310e+01 1.627123815002687479e+01
2.849696337654859235e+01 1.027687346039328986e+01 9.490177381427201908e+00
-3.285670178820510046e+01 -1.424887724819836876e+01 -6.647854058631310181e+00
-3.394711861684208998e+01 -2.959379932904994348e+01 -2.483346715470543131e+01
-2.523616645160200278e+01 -2.491829264323951065e+01 -3.228624020417009888e+01
-1.787357050406808412e+01 -2.949084019767542486e+01 -1.707697766924684402e+01
-7.935516037258821598e+00 -8.561099150932022894e+00 -1.205062935854584794e+00
2.315354672381545242e+00 2.583400338767751236e+01 1.611005007278163248e+01
2.350668824101376231e+00 3.107142846698661742e+01 3.441918724842707888e+01
-8.483958540015009930e+01 -8.138587571973130252e+01 -7.122631413329418137e+01
-6.571241177450974646e+01 -5.413830008457807708e+01 -3.861501901701649331e+01
-4.980299178943278093e+01 -4.750785251199431514e+01 -1.647424775030867750e+01
-5.151045956632515299e+00 -2.821841924854197714e+01 -9.829111542504506360e+00
-4.788121941606732435e+00 -5.299634653113571403e+00 -1.244389846186641080e+01
-4.065030755527914152e+00 -1.117682160244930856e+01 -2.003993202275432850e+01
-5.252150269850062614e+00 -1.866269789959824266e+01 -2.755019279953012301e+01
-2.486571379380529834e+01 -2.520248681814427982e+01 -3.002178952455597027e+01
-1.922546783034067630e+01 -2.463944256054946891e+01 -2.231342029974166508e+01
-1.497821164334618516e+01 -1.067826862480887939e+01 -9.724017492424536613e+00
8.589069645214294724e+00 4.109485335989120358e+00 -3.006957932012483070e+00
9.546246298774349270e+00 3.013844081595379976e+00 8.674127050046081422e+00
9.821661835171653365e+00 2.146002788766327285e+01 1.024946062888102460e+01
1.713076246088166954e+01 9.856831999986752635e+00 1.734961151503557630e+01
1.423966279325304640e+01 2.154885958693648718e+01 1.472396457880950038e+01
-1.181305540647463204e+01 -5.034331460363318911e+00 1.851617890265515598e+00
-3.256023042228935083e+01 -7.237269044322601985e+00 -6.631657928599452134e+00
-5.251250735091161914e-02 -7.117096412073806277e+00 -6.475897619324314292e+00
-3.640080543234034849e+00 -3.716670155865358538e+00 3.498365597597512533e+00
2.071124496381617064e+01 2.220764702977521665e+01 1.870483055967451946e+01
5.787442549738261732e+01 4.494985699605331320e+01 3.495354884085281810e+01
5.968821337173358188e+01 5.203111609175630292e+01 5.123640867442554736e+01
-5.317968278656826442e+01 -5.978101725413034728e+01 -4.940256001233501593e+01
3.728594857881034841e+00 -3.045251807680233469e+01 -1.868893086759817379e+01
-7.613505829285713844e-01 -2.487110100884910935e+01 -2.961241091246847645e+00
-5.032055201653747645e+00 -3.533540552888553066e+00 -3.455705237395704899e+00
-5.603033178270379722e+00 -9.612732512039656285e+00 -1.171671167994281859e+01
-1.620754401480644447e+01 -1.612681240152414830e+01 -2.604978974211098830e+01
-2.760035814827369904e+01 -2.242659273038680112e+01 -3.232578982829545566e+01
-3.052839432884138660e+01 -3.458879399630677653e+01 -3.298801725496923609e+01
-3.137097742193782324e+01 -3.098760486629907973e+01 -2.703389466057160462e+01
-1.960083972344273207e+01 -1.961316477569835115e+01 -1.097868357967490738e+01
1.018145140473643551e+01 -4.807182988502063381e+00 -3.213487633406657551e+00
1.117878225692129490e+01 9.232256097267963924e+00 6.559698240927900770e+00
9.196003359504175023e+00 9.134736009961670788e+00 1.016333978390230186e+01
7.746504294139413105e+00 9.120872252005938208e+00 1.440381251547933061e+01
1.413289258954682737e+01 1.160119154005951714e+01 1.627612119774767052e+01
2.318968714694619848e+01 1.969533042089278752e+01 1.294203903763082053e+01
2.268999937343141937e+01 2.416611171261774871e+01 1.339689797334722243e+01
2.286409313347667194e+01 1.318181813452156348e+01 1.256911571429191099e+01
2.284023007808173134e+01 1.193706476517309056e+01 2.002698931318354880e+01
2.813476681090014608e+01 9.981062839081459970e+00 3.311648302343473915e+01
5.695168869809913303e+01 5.121966682321817643e+01 4.769126397262243700e+01
5.874155133207568724e+01 6.112953371312505624e+01 6.160748622600476665e+01
-1.786571499459205370e+01 -3.173999194148836978e+01 -3.142784014437165752e+01
5.737160061429676716e+00 -2.613246777093081619e+00 -2.469762308406643569e+00
1.136174093756380898e+00 -1.123945168426871533e+00 5.529289488657923357e+00
-3.368735826991724025e+00 -7.783367122809977445e+00 -4.161077302624107688e+00
-1.296576880371139850e+01 -1.553522281491041213e+01 -2.352978468497440190e+01
-1.929776743370257464e+01 -2.411213083684015146e+01 -3.108583898757024144e+01
-3.227635441283564433e+01 -2.947093420711098588e+01 -3.167771852801070054e+01
-3.092814399221242638e+01 -3.139444329572961578e+01 -3.080257152316426073e+01
-1.749855335655411182e+01 -2.359993686445341154e+01 -2.339759171785408398e+01
-1.770074710882545332e+01 -1.132277021832305763e+01 -1.239881994656116149e+01
7.115009668854327174e+00 -7.462819954797851096e+00 -6.834145850389177212e-01
6.973334987760608783e+00 9.282716601557694958e+00 1.045318656976724014e+01
6.336815243500495853e+00 7.708443781885762291e+00 7.398827114100640756e+00
7.286131013089288899e+00 7.660735485590521421e+00 9.623733057266690594e+00
1.281170715038661001e+01 1.129170094230266841e+01 1.471027038052670832e+01
2.331955982055023924e+01 1.940822443852357537e+01 2.250616665508914593e+01
2.281795539545873908e+01 2.321400800434548728e+01 2.624656257521382940e+01
2.167303943765637086e+01 2.805398905129459308e+01 2.851770518487046502e+01
2.320644275388804090e+01 2.746752463096527208e+01 2.948833117240701540e+01
2.820713369059103570e+01 3.677511354638136254e+01 3.790605454734668456e+01
4.362166013153637323e+01 4.817844553448776423e+01 5.295345449522574199e+01
5.471157590639541013e+01 5.781274787924849079e+01 6.685050837422568293e+01
-1.234571706648239342e+01 -2.466329687328379805e+01 -2.599735518913894339e+01
7.220597746068960987e+00 -8.032985762647513184e-01 8.862186907972500194e-01
2.875439935897702526e+00 -1.287668558095356275e+01 6.448675227048624947e+00
-1.655853521852714039e+01 -1.215391793176513602e+01 -1.919774065323963441e+01
-1.927433477111480897e+01 -2.020032275160065183e+01 -2.723455461748835660e+01
-2.962771431599776406e+01 -2.686773625283058209e+01 -2.922197750585200993e+01
-3.033401000776393630e+01 -3.133560144932744151e+01 -3.010787631591756508e+01
-2.274830433929400897e+01 -2.395738925148361886e+01 -2.555503925458197045e+01
-1.211381120944952272e+01 -1.515084644554190163e+01 -1.550112616698788770e+01
1.962055087391490815e+00 -5.467607312632026151e+00 -4.267468562108660990e+00
9.240998032915740623e+00 6.911217811515598441e+00 5.531700313488727261e+00
8.402818179049972969e+00 1.075648157823161455e+01 1.156662294454145012e+01
7.793312514769240806e+00 8.840076114855946798e+00 8.766033827659157396e+00
9.117525149071298074e+00 9.334994854824799404e+00 1.014214526896466850e+01
8.361867336903742398e+00 1.359229106798375142e+01 1.706081483656907949e+01
2.212312320854834979e+01 2.319637800656528270e+01 2.344193573628672311e+01
3.284432611182273831e+01 3.194384494213318249e+01 2.887519694861930475e+01
3.421224423995863617e+01 3.014727348028918641e+01 3.438919844041083707e+01
3.029821833988444268e+01 2.963373295806468377e+01 3.433028359834315779e+01
2.920587014123157132e+01 2.981006282429189014e+01 3.991725753916398389e+01
3.682091993712310796e+01 4.331371181947451987e+01 4.756514442500883888e+01
4.121147475767520518e+01 5.181177256197315728e+01 6.261786033829594089e+01
-3.121940637542138575e+01 -4.645407555090514506e+01 -3.533377673395625607e+01
-2.756757729056880635e+01 -2.275966392821464979e+01 -5.493807999208002002e+00
-8.764532887152199692e+00 -3.055182369382873731e+01 -2.888147894075063959e+01
-2.155699037462363776e+01 -1.758506017532545229e+01 -2.559200837172375032e+01
-2.441121772784208588e+01 -2.729438898248554324e+01 -2.702454092996322288e+01
-3.027206187100364332e+01 -3.038620601187722059e+01 -2.533927246500752517e+01
-2.016654084709443850e+01 -2.512350581712780695e+01 -2.071781365046081191e+01
-2.034845994902570965e+01 -1.744635088432914927e+01 -1.612755563205155340e+01
-5.650813896819272486e+00 -6.737705153218485066e+00 -7.444311277442466235e+00
4.469669172276553581e+00 4.709337832510755106e+00 2.050770859047588601e+00
9.391262497170828283e+00 9.495200630285580701e+00 1.000272597319053602e+01
1.295267618735215365e+01 1.159115633135843382e+01 1.130664494252687291e+01
1.235824552416852384e+01 1.167797711407092720e+01 1.147594009624208411e+01
1.025530860551589285e+01 1.016606028373098525e+01 9.082253538624172506e+00
9.487073743089240452e+00 9.494727009217967861e+00 1.465206393253902206e+01
2.668499869440256589e+01 2.306021130903627636e+01 2.355224192336299893e+01
3.491397513895935845e+01 2.989687877469714294e+01 2.880156116585658310e+01
3.376776115199209016e+01 3.396986136484520102e+01 3.290160938987264672e+01
3.057038986970746919e+01 3.284791556815525837e+01 3.298691664597208728e+01
2.943012739869482175e+01 3.059293128240005899e+01 3.260930205940530868e+01
2.681427801905738306e+01 3.132273375868135190e+01 4.283553782711260283e+01
2.317149974670701340e+01 5.190103623117829557e+01 5.496174755984156945e+01
-5.431644760740073252e+01 -6.210409990572043171e+01 -5.955160808503114822e+01
-5.695107625280525099e+01 -4.281979832330762292e+01 -2.751193399853127630e+01
-3.765088792730330169e+01 -3.222094073326661601e+01 -3.875942733112879068e+01
-2.546472747915049695e+01 -3.324879963279727235e+01 -2.797386669297156914e+01
-2.427525885420072882e+01 -2.736061540456103103e+01 -1.860598151603062433e+01
-1.184428489044148591e+01 -1.551486396491327469e+01 -1.515018228603730677e+01
4.692572665314401092e+00 -9.353577203914937854e+00 -8.353322705580467300e+00
-4.825397546278509253e+00 -8.923329803919841652e-01 -3.368504256432061084e+00
6.581998804434078920e+00 -1.058850109175182297e+00 1.596196728177346813e+00
6.705328892460784118e+00 7.032657338224453270e+00 5.263099146724016464e+00
1.137170416605476930e+01 1.039540346231751755e+01 1.047087876329169376e+01
1.097033995581023191e+01 1.253954116485056147e+01 1.081485578756928589e+01
1.211523462310378818e+01 1.191567405756177322e+01 1.263672639733340475e+01
1.106216364199099189e+01 1.009859422472800361e+01 8.694110335145524004e+00
9.147143826218780305e+00 9.471104246918912395e+00 1.221965462372554612e+01
9.145025134273055301e+00 2.012833838694223232e+01 2.052631909572301083e+01
3.243380205510402448e+01 2.459289492672360211e+01 2.711794493428078567e+01
3.136577443335499993e+01 3.079483419887674245e+01 3.191103115749228891e+01
2.855099075398175046e+01 2.844599307754015172e+01 3.249873664438200649e+01
2.808536783994532016e+01 2.462619271590119752e+01 3.317636371835487807e+01
2.558398243065221322e+01 2.580820510166358872e+01 3.277164509553949756e+01
2.211099353859754046e+01 4.619529480506480468e+01 3.594592228703731962e+01
-6.801110189455903310e+01 -7.893473457303116447e+01 -7.254741280308917339e+01
-5.145411633661205997e+01 -5.198314214076344797e+01 -4.684799993588421785e+01
-3.135392209997098689e+01 -3.949448288368057547e+01 -3.304168191534336074e+01
-1.259004158669631579e+01 -2.294736521752929548e+01 -2.500316155524888018e+01
-1.917975517499235139e+01 -1.774094663846972253e+01 -1.136486959760441096e+01
2.187724647901632125e+00 -1.203306568498192064e+00 -2.303024487076982041e+00
1.437465576189060812e+01 6.046998025504763064e+00 5.021977567050271318e+00
4.730775712773720443e+00 1.126223137765191495e+01 8.142512988019916520e+00
6.203837056410520745e+00 5.475806304234538402e+00 8.436447547497664345e+00
6.323585216438004863e+00 9.532329688398021972e+00 9.197238851931615500e+00
5.410670195332386356e+00 8.553613821851286048e+00 1.182052459622718743e+01
8.830485791832870746e+00 1.228448710153224965e+01 1.003717559104006796e+01
1.087071169630598888e+01 1.053738515748773352e+01 1.050242973697004345e+01
7.656226343738126161e+00 1.107610640382881684e+01 1.040540370090911892e+01
8.198988553797789791e+00 1.022343423665279261e+01 1.159245075466606067e+01
8.232432485432582325e+00 1.441082235799331102e+01 1.633523498610702518e+01
1.720209411506766628e+01 2.242855104604768712e+01 2.072819521364181128e+01
2.704542094370299310e+01 2.726924810437412816e+01 2.755743889163386484e+01
2.715491854576794140e+01 2.388065768716842285e+01 3.252510140474259970e+01
2.575508062620065175e+01 2.128609150408647110e+01 3.190279910584740719e+01
2.315325557238884358e+01 1.744784029817037663e+01 2.450937915266786149e+01
2.002755115733361890e+01 1.703071878683022078e+01 2.687113975986994774e+01
-5.780528064807913324e+01 -7.732822468182621378e+01 -7.679376730153944663e+01
-4.129033471229104180e+01 -4.023421294042691443e+01 -4.366730742929030384e+01
-1.573719255542164319e+01 -2.542005868391424883e+01 -2.761008864248015016e+01
-1.210479106268121541e+01 -1.019485949297904881e+01 -1.241564244472192513e+01
3.366051559460174758e-01 -6.571810250043199630e-01 -6.133375355630050763e-01
8.921747049867917667e+00 1.138013908748598624e+01 5.413122397770166572e+00
1.923132698759945924e+01 1.820846083247943170e+01 1.373348795205583883e+01
1.714439710451279097e+01 2.014949853488906228e+01 1.596233243035840133e+01
1.781704126418480882e+01 1.325885577474127786e+01 1.360900390757251444e+01
1.591225855335778760e+01 1.213613776712918479e+01 1.208803044128853799e+01
7.295412438984385517e+00 1.215731959315053246e+01 1.371783679865438899e+01
1.010101541732274200e+01 1.017377193301945226e+01 1.186887463156926970e+01
1.214909127231476305e+01 9.810030862359781167e+00 9.910329381627889234e+00
7.805235915830053273e+00 1.048350215161917731e+01 8.205317968577219290e+00
6.786925565167621244e+00 7.770886915266601136e+00 8.839911476419729297e+00
1.492837344513191056e+01 1.201786192453710100e+01 1.081281773122373124e+01
1.849564901041958365e+01 1.683168207680228079e+01 1.515547672113461886e+01
1.718587420413132349e+01 2.202099538479615148e+01 1.943561361034153379e+01
1.430565184395072720e+01 2.555430995866481680e+01 2.404654376939106442e+01
1.945436633535973669e+01 1.945154235194786452e+01 1.681431756575966574e+01
1.766155842161424516e+01 1.709527518822778802e+01 1.308853666369486746e+01
1.507799765435083827e+01 1.663946725086498191e+01 6.034507232026953716e+00
-9.430137920661218232e+01 -6.605064984409818862e+01 -6.817506842180773674e+01
-1.013319268074337742e+01 -2.789150171382698318e+01 -3.291414072327097529e+01
-8.657050713325588731e+00 -1.389803160881183430e+01 -1.609495933173366211e+01
-2.152630749818854383e+00 -6.004369973245957226e+00 -4.259182055554447288e+00
-2.067931986373878317e+00 2.271571552470049937e+00 5.451122201559883251e+00
1.098933564570506860e+01 6.929001492387214967e+00 9.834521423463229439e+00
1.308741824977732904e+01 1.298373121374334005e+01 1.479614626961028989e+01
1.220291906769125490e+01 1.449950598367013299e+01 1.664046260977193015e+01
1.467419349281408358e+01 1.463271679930676328e+01 1.550426981865348353e+01
1.519521294420883351e+01 1.545996386087153951e+01 1.552698459672410536e+01
8.031980245269551233e+00 1.322468741581087670e+01 1.480086819277585164e+01
1.662183918459777487e+01 1.377921619066455605e+01 1.392327124940220529e+01
1.138956565404259891e+01 1.219050879229416751e+01 1.172600795278867736e+01
7.973890986062542652e+00 8.301806639374262886e+00 7.699186126204949687e+00
5.965405520308195264e+00 4.553640018579244497e+00 6.203359971813370066e+00
-4.037596434000079171e-01 8.604473112589403172e+00 6.161888805652779411e+00
1.012237688196728413e+01 1.162509865117135632e+01 8.880269346127533936e+00
1.409208054970349622e+01 1.600135039697670436e+01 1.316022836408046714e+01
1.140206668452810845e+01 1.889936626498365513e+01 1.507694934469236614e+01
5.272817224901700683e+00 1.085010950273226626e+01 1.040666213198983314e+01
3.976792657027544919e+00 8.881494621437013848e+00 6.825035504956758814e+00
3.508879686991349445e+00 -3.626293205229558225e+00 5.154576966810964223e+00
-5.273664652261049923e+01 -5.067206059136606200e+01 -4.445998781299203984e+01
2.715532289339535055e-01 -2.489379846760948567e+01 -2.261481235159408243e+01
-1.800198298693430843e+00 -3.176114258653797151e+00 -7.760540375122218393e+00
-1.799431846702645998e-01 9.716420535023644334e-01 1.789403733882863889e+00
1.633808254260657122e+00 3.453257678136651521e+00 3.705676368010244914e+00
7.087472620928565448e+00 5.532846571496520482e+00 7.826655169469631801e+00
9.218771952337192488e+00 1.091064622866542777e+01 1.029847414274900075e+01
1.197193511673867761e+01 9.770301394333728240e+00 1.416970434535505774e+01
1.178541326437789394e+01 1.260202409508656274e+01 1.325604094403206545e+01
1.436393151175980165e+01 1.659036810960515140e+01 1.719170622683486727e+01
1.730166889042902767e+01 1.711550407005597663e+01 1.714053283239445591e+01
1.865773389849891828e+01 1.726086147218211408e+01 1.675364205291589315e+01
1.467440502996123541e+01 1.525087957455798460e+01 1.264023422018908605e+01
7.840017300083673035e+00 9.421855292788677616e+00 6.673415160002150515e+00
-5.216209605159747298e-01 5.050604826064954977e-01 3.668817930848490505e+00
-1.065505687301083526e+00 -8.465570438247596030e-01 5.170303191592211078e+00
1.700647883951205586e+00 4.497736285182327265e+00 7.442554662836300849e+00
5.661812923440265877e+00 9.274068431098385190e+00 8.663590312234191515e+00
6.069275850458325294e+00 4.718616593410843052e+00 1.135784453047017450e+01
5.052596448896110815e+00 1.915194138634433330e+00 9.759458182104026491e+00
4.687099307977405260e+00 -6.784192965160400490e-01 6.591705198981799185e+00
4.135122568703081924e+00 -2.731562855853553629e+00 2.247052975272708863e+00
-3.162249519384567975e+01 -3.163262886266784335e+01 -2.606961153719021240e+01
-3.406460362893994898e-01 -8.626273941208637552e+00 -7.156135166760577704e+00
4.858125148184626596e-01 1.908751078439308912e+00 5.400165423445287161e+00
2.556247756152515649e+00 4.298808803507199627e+00 1.200432955750511610e+01
3.985615143049471953e+00 4.465254158675634244e+00 2.880220970493610366e+00
5.487213837994204368e+00 4.103613852316811972e+00 5.826869612499649520e+00
7.561035726205773244e+00 5.009662712529461714e+00 7.130504306527654990e+00
1.097271034347704699e+01 6.243777430033333076e+00 1.071864597362946370e+01
1.082091192759071419e+01 9.819859747362897906e+00 1.077383953788648796e+01
1.455541454913236521e+01 1.232021325152254576e+01 1.579755589871456323e+01
1.736740108585308917e+01 1.943066210870256327e+01 1.822032465635402332e+01
1.817909630530175491e+01 1.772416567639811547e+01 1.667282806523508043e+01
1.509632186127510067e+01 1.533266408758026955e+01 9.998895148052724835e+00
1.125627510751928639e+01 9.208327812217248720e+00 8.591983270829587127e+00
-1.115204532554344041e+00 4.272284282723376236e+00 4.206022119155022665e+00
-1.639867903830236173e+00 3.485975998910362250e+00 6.641092255435069092e+00
2.944450908976250503e+00 7.005199046807319974e+00 7.849340829283391940e+00
1.078790001846027735e+01 1.074294909710260981e+01 8.624804898709044210e+00
5.768802623409101216e+00 7.161893108898766513e+00 8.441293020578086725e+00
5.636419512040447444e+00 3.987045788923751388e+00 6.942867911954635929e+00
5.229424868056412379e+00 9.663831872658192879e-01 4.523730037910354440e+00
4.616012682733526162e+00 -1.514803271929849871e+00 8.338990571937756613e-01
-9.432064954267843859e+00 -1.033916115984538919e+01 -6.471992876057811372e+00
-9.076394458870709059e-01 8.642582206846782356e+00 7.383101316002466774e+00
-1.186136350997912814e-01 3.566301171116720070e+00 1.829989626594942820e+01
6.090476651925200713e-01 6.237970828449761029e+00 2.077528138787056378e+01
3.437867348755389685e+00 8.519069951124947693e+00 -6.231356404439793550e+00
4.435089835987128026e+00 1.131781458973182453e+01 -9.311964688362422748e+00
5.717719958966881677e+00 1.767052280366442574e+00 -1.377027105418255815e+01
7.021984498795973195e+00 3.093754757339411299e+00 -1.331764780496996536e+01
1.066898849364497437e+01 1.130494414070835774e+01 -4.358825156902639719e+00
1.380991600732158986e+01 9.586153312247006397e+00 -1.172805062727093173e+00
1.634687518387181626e+01 1.736408196201682586e+01 4.667476649762647867e+00
1.725050462854960642e+01 1.729095494373996189e+01 1.607179589545103227e+01
1.450844884295474913e+01 1.283709350097797142e+01 1.782401439427667356e+01
1.103162937609522487e+01 8.439639359885404701e+00 9.584907457196095493e+00
-1.556944645058138121e+00 1.148234434158985096e+01 8.338722002967188018e+00
1.333377216139524535e+01 7.726513960804368253e+00 8.198062996956650750e+00
1.456405211536639399e+01 9.636352337272001023e+00 1.001351847308342258e+01
1.504859206703895325e+01 1.394736921604544477e+01 1.033985360399583442e+01
6.093611354216591280e+00 1.007798298073066690e+01 9.641152539958966372e+00
5.955808148052710749e+00 5.793067659505140909e+00 8.162237511648527288e+00
5.529948642520139401e+00 1.729404219788193586e+00 5.851761989702936262e+00
4.886896173518834985e+00 -1.606832097224469180e+00 3.047981821018765913e+00
