-1.326661965012135624e+00
-1.292564658650007914e+00
-1.169598609820513957e+01
-2.187864711878319213e+00
-1.926634650775667978e+00
-1.749784746383738820e+00
-3.893873840639571426e+00
-5.656586574617904262e+00
-5.869311723715327389e+00
-1.509183110622689128e+01
-2.593946477944245999e+01
-2.577125652754966723e+01
5.327314126802775718e+00
1.058015148055346799e-01
7.600541173524106853e+00
2.263366612898244057e+01
2.016720156835799571e+01
2.786762233831086633e+01
nan
nan
nan
7.502860974775376235e+01
7.608255576063129411e+01
7.992172108942486375e+01
5.531635434438976517e+01
5.253034623417624971e+01
6.185677890684019076e+01
7.368434713393889979e+01
7.191656886198234133e+01
7.387659637560227566e+01
nan
nan
nan
8.953956069663036033e-01
-2.659168969194070087e-01
-9.103556394493352855e-01
6.577983639844296704e+01
6.096950554635805020e+01
7.231913593894751102e+01
4.133465036256893654e-01
-2.369568298117883387e-01
-7.849095412057067733e-01
1.872026191394033958e+02
1.836164681263317107e+02
1.931335123839453445e+02
-6.160714836836632458e+00
-7.828934302051493432e+00
-5.934597634352030582e+00
8.321169979162732488e-01
1.241170739666813461e+00
7.210785427669179626e-01
4.445275869092711218e+01
3.546948377479020564e+01
4.210807315236252180e+01
1.069177207645579983e+02
9.902486380913614994e+01
1.060871850616995289e+02
5.949518523359074607e+00
7.692262097518323571e+00
1.147106269785581389e+01
5.186088762027793564e+00
9.686310950592087465e+00
9.802506845456264273e+00
-1.250665908990413300e+00
-8.204261784405389335e+00
-8.645298921597714070e+00
1.196516351890140868e+02
1.139567326086989851e+02
1.178636661304826703e+02
-1.681649381331953919e+01
-1.731894794502295554e+01
-1.759530402237123781e+01
4.078168166500836378e+01
3.625574031770156580e+01
3.939022342106272845e+01
5.054377284236579726e+00
4.527401885294239037e+00
5.214890141450268857e+00
1.288360007310257060e+01
2.296420623950507434e+01
1.988638011320017540e+01
-1.633862428552674828e-01
-3.254969217098732770e+00
-4.507618895674568193e+00
1.444933642088208217e+02
1.376646893141123655e+02
1.420115285224483159e+02
1.190199797714740271e+00
1.445493942009306920e+00
2.312608203510535532e+00
1.572846251474311430e+02
1.499247724429624213e+02
1.542515480053289139e+02
-6.203079616345348768e+00
-3.646730286509409780e+00
-5.730500213147024624e+00
-1.369410196359240217e+00
-1.080683113302256970e+00
-5.180103927389609453e+00
2.636175162430481578e+01
3.338520059839811438e+01
3.463863749351367005e+01
7.275848166478226631e+01
6.655047759088301973e+01
7.104347599906031974e+01
-2.537783130017032818e+01
-2.737055745075394952e+01
-2.666143536326126195e+01
5.229497990898380522e+00
4.214021235735344817e+00
3.204317593603263958e+00
8.094935198215353012e+00
1.116940614437226031e+01
1.299830036138337164e+01
1.508710884894144328e+02
1.428999941878637401e+02
1.468854967990137084e+02
6.087066772670368664e-01
-4.365006512325635413e-01
-4.870605957446969114e+00
-2.171273943814412632e+00
4.174214338423553272e+00
5.574009239368024282e+00
-9.817746809676464181e-01
-1.075635635256730893e+00
-1.901571652715574601e+00
9.761559446469618706e-01
3.593133636084530735e+00
3.715987130731264187e+00
-4.052058514043892501e+01
-3.751309713116461353e+01
-3.508122094288773951e+01
1.816775362814169057e+02
1.769436919699328428e+02
1.805135725004056440e+02
6.821173830558109330e+00
1.022100573704756243e+01
7.996758758410578594e+00
1.680145223582258041e+00
3.988151453694626980e+00
6.055229061011232261e+00
9.997006140174562461e-01
-8.579270248818829714e+00
-1.024501410535685864e+01
2.339912096623875186e+02
2.260684139777640667e+02
2.302143681041243326e+02
6.930906918933033012e-02
-8.659480479354897398e-01
1.078881395445932867e+00
2.315717480536477524e+00
3.302120050809207896e+00
7.772140290871902835e-01
-3.838283991632943071e+01
-3.698453815964603564e+01
-3.496612053469834791e+01
-2.620916314132409752e+01
-2.856248264998976083e+01
-3.188866979859722051e+01
1.381571688651365548e+01
1.206206667668629962e+01
1.119254860184355493e+01
9.806148970783397090e-01
-2.218276154882914852e+00
7.652256796280198614e+00
-7.470167092405972653e-01
-1.032189420662871271e+01
-1.035218763246666640e+01
1.655221893530688249e+01
1.417410401237793849e+01
1.314941239387644600e+01
-1.076059575339968433e+00
-4.968125089747445600e+00
3.159446062963979784e+00
-3.821405168042474543e+00
-6.685845492620501318e+00
-7.130618925547423714e+00
1.087811557908935356e+00
-5.638996688514453126e+00
-6.069784787637217960e+00
1.261068368656378880e+01
1.773687115980101225e+01
2.774218186195321323e+01
3.083718282718109549e+00
2.462826757269795053e+00
4.992575209973438177e+00
4.109335371275028592e+01
3.599656635155952245e+01
4.036443163214062224e+01
1.923599463348182326e+00
3.944197392616842990e+00
5.294316923605947522e+00
9.460304364800322219e+00
2.114612755874804861e+01
2.297372973538404040e+01
-4.076147306122948066e-01
-1.765524922904296545e+01
-2.038493433445819392e+01
3.801244976034467982e+00
-1.514871241472064867e+00
3.678611883458870579e+00
2.704737273411410570e+00
2.513292117093442357e+00
3.249423275309709425e+00
-2.712484685240269755e+00
-5.467598603052465478e+00
-8.006980963774367410e+00
1.312386158723893459e+01
1.444240861667458375e+01
1.870280139922942908e+01
-2.681121951271052239e+00
-3.265887078743617167e+00
-2.029107275407113775e+00
3.695610787942314346e+00
5.197610659561178181e+00
7.831145779515281902e+00
-5.068794301660091151e+00
-6.275662722762717749e+00
-5.644978840897238115e+00
-2.930211176902957959e+00
-3.216197875800389738e+00
-3.114458547225694929e+00
5.371516786150095868e+00
5.212665128037770046e+00
5.650870785009828978e+00
6.515275914265657775e+00
7.890375175709777977e+00
1.405828688605106436e+01
nan
nan
nan
-3.890795538021848188e+00
-6.338338408979325322e+00
-6.277862705824190925e+00
-3.560807868583651725e+00
-2.716375746834273741e+00
1.627014417523241718e+00
nan
nan
nan
nan
nan
nan
-3.005383490315580275e+00
-2.689714105966231728e+00
-5.812435349389488692e-01
-2.079737233712876332e+00
6.322688103755353950e-01
4.647471481373941060e+00
-1.422163424995233072e-01
-7.418112084851600230e-01
-7.052312778812847682e+00
1.010775310048757092e+01
1.194497696767029993e+01
1.310209139413382218e+01
-2.191477191711783234e+00
-2.868500483151365188e+00
-9.876697464511380531e+00
3.740286204581025231e+00
3.118106021230232727e+00
3.704713668960721407e+00
-5.767021551957623160e+01
-5.156691302543731581e+01
-4.804877428954296192e+01
-8.179654609836688905e+00
-7.776448015754795051e+00
-7.090877279542837641e+00
-8.132997215847353800e+00
-1.145125960812401900e+01
-1.136037028227383416e+01
-2.959087646904663416e+00
-1.600436547845674795e+00
-2.556829333952919114e+00
-7.760990339929776383e+00
-7.348518140153828426e+00
-6.517926336618074856e+00
-4.888295868188833992e+00
-7.972748419433628442e+00
-1.032991636752831255e+01
-2.105594598727248012e+02
-2.028121344087894613e+02
-1.792303543517682556e+02
-3.093581944907691650e+01
-2.948475197952484450e+01
-2.727089648192668392e+01
1.128895414869839442e+01
1.492181224448086141e+01
1.264959023596566112e+01
3.959574865516515274e+00
1.567671481257184496e+01
1.521469938923291920e+01
-2.479304122123721754e+00
-3.040948999070678838e+00
-1.281959257187736512e+00
-4.744257492257020203e+00
-2.378855283673146914e+00
-4.523805426914805139e+00
-1.518257869170702179e+01
-1.403820138404626050e+01
-1.358123954459824745e+01
1.059432314638524986e+01
1.677899790900028165e+01
2.071485456169739336e+01
2.883876086343661882e-03
7.811433231585397152e+00
1.300098793291635957e+01
-2.204642825854534749e-01
2.309544605304836296e-01
1.547373326146953332e+00
1.463553737925030873e+02
1.382216056484430737e+02
1.418802606668805311e+02
1.195799231306409638e+00
5.951011165365343913e+00
4.198805355361400871e+00
1.230291187692309904e+02
1.155916624058827438e+02
1.192654824080027538e+02
3.714828204240802734e+00
1.078460310329046479e+01
1.607455738492717501e+01
-2.623016669389471645e+00
-4.073073238870165369e+00
-5.795540731553955993e+00
-2.006434772881220852e+00
-2.624732874704022834e+00
-1.105510705787310144e+00
5.277061569602665259e+00
7.944019959570141509e+00
8.345890567726200970e+00
-4.190480966851282574e+00
-3.192257763674206217e+00
-5.737286949294684746e+00
5.483746798918218701e-01
-1.030985977193267900e+00
-2.978788786850600445e+00
-1.323082660390900855e+01
-1.187664718339237879e+01
-1.719071937933858862e+01
3.495804356147345970e+00
5.875806724865469732e+00
5.142531837707792874e+00
nan
nan
nan
2.146979245608235942e+00
4.141731604358938057e-01
-5.816472509541199543e-01
2.617265462575232959e+00
2.269321009783197951e+00
6.908449807217039051e+00
-9.288987481241747446e+00
-1.848001235602714587e+01
-1.613474675165616645e+01
2.397717860994816874e-01
3.773123802438931307e-01
1.060174534301040694e+00
-6.647178510535923124e+00
-1.222052936668296752e+01
-1.321367305389321700e+01
4.550713345939584542e+00
-3.601900036301231012e-03
-2.554058732215708005e+00
nan
nan
nan
-2.879137951058510225e+00
3.222789277060655877e-02
2.388413719527306966e-01
-3.804274656508823682e+00
-6.424255440688284580e+00
-5.804575164742345805e+00
-1.729311684954245720e+01
-1.136190538768732949e+01
-1.368656770954294188e+01
-3.501498989016909036e+00
-2.080768353835537710e+01
-2.354673526153601415e+01
-1.925178466404759092e+00
-1.327437624637059344e+01
-1.356754631291551050e+01
2.987713538916068501e+00
-1.129948027207774430e+01
-1.617351104972931353e+01
3.524295060187796480e+00
6.458393465053632099e+00
6.862232392428268213e+00
2.201622837925242493e+00
9.672152012268270482e+00
1.154414749419174768e+01
1.788808835085546889e+00
2.651441220382366737e+00
3.254328120462560037e+00
6.655728334939885826e+01
6.568152699371694325e+01
5.488538362122835679e+01
2.287194968996118405e+00
-1.433714960109682579e+00
2.721553824360853469e+00
7.304529907173673564e+00
5.099785746673660469e+00
8.329169938955601538e+00
-1.165184715686427808e+01
-1.339746555932924821e+01
-9.129509512613367406e+00
