5.328368897706428470e+03 5.318248586013072781e+03 5.321207038027268027e+03
5.344846035459663653e+03 5.341165916746427683e+03 5.347604544894155879e+03
5.377040871903570405e+03 5.366135257543502121e+03 5.372185539759419044e+03
5.406207823440760876e+03 5.395745165441038807e+03 5.393485139307930694e+03
5.425822369678910945e+03 5.423578543312990405e+03 5.423206852429684659e+03
5.457768756409524030e+03 5.450367998287322735e+03 5.449808832765221268e+03
5.476100996961851706e+03 5.472214616177944663e+03 5.473409104012786884e+03
5.487557620848185252e+03 5.489015833538931474e+03 5.490049289609924017e+03
5.494211372900148490e+03 5.499101875406275212e+03 5.501179610449197753e+03
5.496096193854037665e+03 5.497433530228463496e+03 5.509868536643560219e+03
5.497093536710334774e+03 5.504419079251330004e+03 5.517008545519746804e+03
5.509930702543638290e+03 5.517056252713767208e+03 5.530877785625102661e+03
5.533051977561827698e+03 5.536132161153404923e+03 5.552501330552737272e+03
5.556956609740844215e+03 5.574243000308709270e+03 5.577634497377727712e+03
5.591272258548327954e+03 5.602882720077228441e+03 5.602973895960309164e+03
5.615583332625612456e+03 5.627046892546110939e+03 5.629054976001677460e+03
5.643075786420090481e+03 5.643829153285470966e+03 5.649133062209865784e+03
5.644980727784722148e+03 5.659115344141944661e+03 5.664492621726613834e+03
5.655070214391251284e+03 5.671284993191442481e+03 5.678971737490449414e+03
5.661323781793158560e+03 5.691533597756452764e+03 5.685687431300209028e+03
5.661397842507799396e+03 5.694936625070899026e+03 5.689500834927850519e+03
5.662750478497761833e+03 5.692229625145278987e+03 5.688076383171954149e+03
5.298177509312917209e+03 5.294929218833347477e+03 5.299260370853786299e+03
5.314840172013128722e+03 5.312638538029723350e+03 5.325320366903443755e+03
5.327187967418736662e+03 5.340090899800609805e+03 5.341808837633338953e+03
5.365243774409025718e+03 5.364491172408552302e+03 5.362768427438901199e+03
5.400072391009024614e+03 5.391739875088004737e+03 5.391919296615207713e+03
5.415635762838089249e+03 5.420523176866468020e+03 5.419723810956730631e+03
5.443199038873896825e+03 5.445832709178108416e+03 5.445660992740068650e+03
5.477471500144910351e+03 5.466403080362783840e+03 5.464995175401901179e+03
5.485914468205414778e+03 5.482150992808674346e+03 5.478544464448712461e+03
5.486509991437785175e+03 5.488339307623306922e+03 5.487554229877481703e+03
5.491547663938355072e+03 5.494716243324918651e+03 5.497456089869231619e+03
5.503249474839718459e+03 5.509822103247089217e+03 5.510107312964008997e+03
5.525173328635127291e+03 5.524685090240996033e+03 5.527865550968510433e+03
5.547195161579364139e+03 5.553023805307740076e+03 5.555535346576390111e+03
5.580013979818540975e+03 5.579017615941682379e+03 5.579061158319680544e+03
5.599337077594926086e+03 5.602953825325953403e+03 5.605369654154304953e+03
5.623810247654569139e+03 5.624102189990378065e+03 5.626859320476243738e+03
5.640574965450377022e+03 5.646538862686697939e+03 5.648482703794998088e+03
5.654593290457372859e+03 5.670968661882715423e+03 5.664324332038599096e+03
5.655600665784975718e+03 5.685745201250576429e+03 5.679190101028130812e+03
5.662787053636373457e+03 5.691743210664019898e+03 5.686767822063723543e+03
5.663860373925778731e+03 5.691196048786279789e+03 5.688708606828993652e+03
5.261644357489986760e+03 5.278041012055791725e+03 5.277079776618245887e+03
5.276651296759019715e+03 5.283278755842846294e+03 5.294104837693506852e+03
5.300992777392321841e+03 5.304232669251731750e+03 5.308450935571087939e+03
5.318780312042450532e+03 5.328250411273148529e+03 5.327050637272594031e+03
5.348035342771725482e+03 5.354982994922734179e+03 5.356829616693356911e+03
5.384080944133657795e+03 5.385146229388465144e+03 5.387182626153084129e+03
5.415156776050821463e+03 5.412830128667315876e+03 5.413763966227219498e+03
5.443766199807817429e+03 5.435263794958307699e+03 5.435567978599971866e+03
5.469249951735041577e+03 5.451910221050795371e+03 5.446669561613525730e+03
5.473197608383485203e+03 5.463411284862655521e+03 5.457839615386113110e+03
5.477512577622384015e+03 5.470389693793684273e+03 5.466681061161134494e+03
5.487745511313849420e+03 5.480202697537182758e+03 5.475973148589932862e+03
5.507434236563853119e+03 5.495235112660526283e+03 5.490834974102719571e+03
5.518648879492174274e+03 5.518671871857325641e+03 5.515227498625203225e+03
5.535894845541875839e+03 5.540729982464951718e+03 5.537552568551684999e+03
5.563528224618741660e+03 5.562849828867603719e+03 5.561233785294981317e+03
5.592170145338602197e+03 5.589302698045444231e+03 5.588051058032092442e+03
5.626786122882187556e+03 5.618490094351204789e+03 5.618265905440378447e+03
5.632470635560101982e+03 5.647801010597034292e+03 5.641005540551184822e+03
5.650728817021156829e+03 5.668549028284832275e+03 5.663312810607467327e+03
5.659244825861805111e+03 5.679619640645561958e+03 5.677664958447024219e+03
5.661184544096031459e+03 5.683297963419618100e+03 5.684445074687356282e+03
5.249758132464746268e+03 5.247291872797221004e+03 5.256813150096011668e+03
5.260806245483337079e+03 5.259202092425866795e+03 5.268433860002985966e+03
5.275332705153078678e+03 5.274132467657904272e+03 5.277958814561348845e+03
5.299255938963401604e+03 5.299025796509956308e+03 5.296569051482972100e+03
5.329448592656819528e+03 5.330814432231792125e+03 5.329846989718350414e+03
5.366497321168645612e+03 5.361714799643844344e+03 5.360158670080982120e+03
5.387154442758261212e+03 5.391125292287979391e+03 5.385340546006614204e+03
5.393505892767682781e+03 5.406045909072352515e+03 5.404883195288221941e+03
5.421884863694183878e+03 5.416283741966119123e+03 5.413979580137125595e+03
5.429110305364853048e+03 5.429496050414921228e+03 5.423044906916309628e+03
5.433076509938256095e+03 5.432837699098991834e+03 5.429060559148590983e+03
5.438791847297609820e+03 5.440277379391629438e+03 5.434344730071081358e+03
5.456017726485122694e+03 5.453744280069110573e+03 5.446579815269785286e+03
5.456111258031061880e+03 5.470884421675764315e+03 5.467864363497895283e+03
5.482907390077721175e+03 5.493710526633491099e+03 5.486742534494493157e+03
5.519442562507347247e+03 5.512365202392050378e+03 5.509322203381418149e+03
5.551744733711120716e+03 5.539859972738639044e+03 5.538226170520922096e+03
5.553402569509435125e+03 5.574994500445561243e+03 5.567331594100829534e+03
5.616012142837527790e+03 5.611661866957019811e+03 5.605006448659111811e+03
5.637653849271047875e+03 5.639773704640317192e+03 5.638827754627959621e+03
5.648882491178299460e+03 5.664821021168389962e+03 5.664297343916155114e+03
5.652738658459574253e+03 5.681727802582223376e+03 5.678772038178152798e+03
5.236088510901623522e+03 5.251677493549184874e+03 5.238476366987105393e+03
5.245145409059111444e+03 5.241006199383966305e+03 5.245262404673159836e+03
5.255834650586335556e+03 5.255953798529892083e+03 5.254787750773844891e+03
5.277042426514765793e+03 5.282082040633854376e+03 5.279346113807778238e+03
5.318941033245977451e+03 5.317110757696573273e+03 5.313431309008886274e+03
5.356037785434551552e+03 5.351112881643557557e+03 5.345685910147454706e+03
5.375655811793481917e+03 5.373088750808473378e+03 5.369261623718454757e+03
5.383981015532371202e+03 5.384947993579648028e+03 5.386950386188763332e+03
5.389812054487390924e+03 5.396756942955355953e+03 5.392987240282378480e+03
5.391074887774556373e+03 5.398299053574350182e+03 5.395998009760684909e+03
5.393980250464347591e+03 5.399330926727056976e+03 5.396652748558793064e+03
5.398068017197043446e+03 5.403254265810329343e+03 5.401484172954527821e+03
5.404791796156822784e+03 5.409949954664220968e+03 5.411324048314252650e+03
5.413158151882716993e+03 5.423500962767860983e+03 5.429531918200272230e+03
5.446240443976102142e+03 5.445569607597069989e+03 5.446130384927249906e+03
5.469259720409781039e+03 5.458761225114120862e+03 5.461297652250374995e+03
5.479067633805908372e+03 5.485012712576684862e+03 5.491337751184866647e+03
5.510855445183437951e+03 5.523878950372013605e+03 5.518876079016517906e+03
5.560633187434516913e+03 5.563994693554589503e+03 5.563918499637303285e+03
5.615322007686889265e+03 5.605211914268241344e+03 5.606326972170508270e+03
5.629456383721812017e+03 5.645590454972625594e+03 5.647234943551487959e+03
5.635566030352064445e+03 5.640342746361086029e+03 5.670068728826594452e+03
5.220200532854848461e+03 5.211688950426369956e+03 5.219014299250067779e+03
5.228832511383617202e+03 5.224583943765601362e+03 5.227916738848967725e+03
5.239424318478252644e+03 5.240370861372378386e+03 5.237582968738852287e+03
5.262311410832006004e+03 5.268601255532183131e+03 5.268069385593726111e+03
5.311422831726815275e+03 5.307816158688129690e+03 5.306851429576216105e+03
5.351031297443166295e+03 5.345323794078220089e+03 5.343488454119484231e+03
5.371880244764280178e+03 5.368788898079667888e+03 5.367040235083180960e+03
5.378693754611083932e+03 5.378863254504806719e+03 5.380761940061083806e+03
5.379964684359900275e+03 5.385492905719625014e+03 5.385587536856660336e+03
5.386492702704103067e+03 5.387786285816182499e+03 5.388469456371228262e+03
5.391609621270571552e+03 5.388197221351255394e+03 5.387761999207108602e+03
5.387887773209656189e+03 5.389515661981033190e+03 5.388647796195173214e+03
5.392243653059047574e+03 5.395464190422548199e+03 5.397291085960813689e+03
5.398701935009139561e+03 5.407248468150322879e+03 5.409491170753724873e+03
5.413201254389229689e+03 5.426481722425673979e+03 5.419297281078017477e+03
5.440149090781706036e+03 5.433097702133037274e+03 5.431049203974632292e+03
5.442477777696346493e+03 5.447006283489622547e+03 5.453098701117134624e+03
5.471655370345461961e+03 5.478887380492827106e+03 5.480905443288919741e+03
5.528169118604098003e+03 5.525995060706706681e+03 5.526933836617428824e+03
5.570435455819421804e+03 5.567496612183900652e+03 5.584817642150886968e+03
5.602387268706619579e+03 5.612486463855813781e+03 5.625395073890617823e+03
5.618950760055396131e+03 5.619884366798313749e+03 5.653386108474507637e+03
5.197094592779331833e+03 5.197721078639887310e+03 5.205029910799565187e+03
5.218901888318659985e+03 5.215162615505648319e+03 5.216145406947474839e+03
5.230684309906322596e+03 5.231792034682010126e+03 5.231441929610552506e+03
5.262140108275324565e+03 5.261461746362414488e+03 5.264245097123697633e+03
5.304343201719840181e+03 5.303801048808776613e+03 5.307321627447252467e+03
5.344817226171798211e+03 5.344784277326910342e+03 5.346022914463082998e+03
5.373269987290168501e+03 5.372687873403376216e+03 5.372120673598590656e+03
5.389198712441564567e+03 5.385592108500484755e+03 5.387621809469399523e+03
5.389765859276552874e+03 5.393442408350965707e+03 5.392329663043418805e+03
5.396262505565504398e+03 5.395768460783352566e+03 5.397881795409310143e+03
5.400593847047244708e+03 5.397453271531393511e+03 5.398717215125250732e+03
5.398278646979139012e+03 5.399156287703235648e+03 5.399260610197681672e+03
5.405484337808464261e+03 5.402442615196116094e+03 5.404110464869988391e+03
5.411109492852255244e+03 5.408545969267002874e+03 5.411029543200552325e+03
5.417988499149870222e+03 5.414575734303944955e+03 5.416946540371042829e+03
5.431686220961557410e+03 5.418623968235333450e+03 5.424922044100176208e+03
5.428192373636671618e+03 5.433200533127295785e+03 5.425360408559821735e+03
5.454490616083363420e+03 5.455062016768916692e+03 5.459506124425794042e+03
5.482813397710166100e+03 5.505403735999995661e+03 5.510673147324837373e+03
5.575483941311763374e+03 5.560983582586921329e+03 5.561175479555511629e+03
5.591186746157735797e+03 5.601356859284713209e+03 5.608458617981966199e+03
5.599080577392734085e+03 5.628754949298358042e+03 5.644974252846050149e+03
5.197425228900105139e+03 5.190668128434514983e+03 5.203065331076925759e+03
5.209495487049661278e+03 5.212466766071773236e+03 5.210790433814150674e+03
5.230649730441408792e+03 5.230210213195880897e+03 5.233498878318959214e+03
5.264199364425550812e+03 5.265309028784257862e+03 5.269113203935869024e+03
5.308349942017755893e+03 5.308947499256072661e+03 5.313637985620463951e+03
5.352684970099615384e+03 5.347480243915441861e+03 5.351318930291959077e+03
5.378982493968008384e+03 5.377723276212111159e+03 5.381025018138453561e+03
5.397788823938628411e+03 5.398375343063070432e+03 5.399341624559904631e+03
5.406937265121113342e+03 5.408174888045809894e+03 5.408356824147033876e+03
5.414506473791817371e+03 5.411688634705091317e+03 5.412522960056116062e+03
5.419395119776775573e+03 5.416948815240633849e+03 5.415656065071991179e+03
5.422786578684505002e+03 5.423357750762766955e+03 5.421456117320226440e+03
5.426618554038336697e+03 5.419734560611932466e+03 5.422876872629843092e+03
5.428400457771281253e+03 5.421195280370769069e+03 5.417416634909479399e+03
5.427287843854084713e+03 5.420697103665678696e+03 5.418961790260707858e+03
5.433074606258752283e+03 5.418786803145561862e+03 5.418022173117835337e+03
5.427356228074734645e+03 5.429391001533565941e+03 5.422247734812389353e+03
5.446004756260957038e+03 5.448744943555332611e+03 5.450305991434053794e+03
5.496311171255527370e+03 5.499285206517177357e+03 5.494705896228962956e+03
5.566156319380495916e+03 5.548116498995428628e+03 5.545288158478128025e+03
5.580982739663943903e+03 5.588731120521806588e+03 5.592006728906366334e+03
5.588561342331594460e+03 5.616957778869066715e+03 5.641015630163410606e+03
5.196589083358150674e+03 5.194036573038082679e+03 5.208459329475649611e+03
5.211810232406910472e+03 5.213439465911746083e+03 5.221659268465582500e+03
5.240731271458625088e+03 5.238994679222737432e+03 5.244659417995243530e+03
5.277005501976887899e+03 5.277847616480512443e+03 5.282559216033730081e+03
5.316411527646444483e+03 5.320401956847203110e+03 5.323243765092386639e+03
5.361184851161020561e+03 5.356961535818230914e+03 5.360489921953545490e+03
5.389909786088663168e+03 5.386876248058304554e+03 5.390496769734815643e+03
5.407774135512603607e+03 5.409614393407240641e+03 5.411710172268221868e+03
5.423060551749960723e+03 5.424691738588450789e+03 5.425544198547852830e+03
5.431564015207374723e+03 5.432261864574441461e+03 5.432018355173870987e+03
5.436793758608989265e+03 5.436163973310444817e+03 5.435118711505059764e+03
5.440556844764444577e+03 5.438844519858506828e+03 5.440052356386835527e+03
5.440373649845262662e+03 5.439327286352337069e+03 5.437276263028248650e+03
5.438568537348590326e+03 5.431444570191701132e+03 5.430859319475365737e+03
5.429251955596950211e+03 5.426793010912535465e+03 5.424611499569555235e+03
5.430336406995860671e+03 5.429805599325040021e+03 5.418252289991104590e+03
5.427405267261137851e+03 5.420297224849524355e+03 5.415880765737350885e+03
5.428295146377739911e+03 5.439903775201632925e+03 5.441743542264504867e+03
5.497103821599769617e+03 5.481280601413940531e+03 5.482715923828904124e+03
5.557944384987285048e+03 5.532260363816332756e+03 5.530690911699475691e+03
5.572705443718334209e+03 5.571776988623587386e+03 5.573037451493636581e+03
5.580855250327529575e+03 5.600271454395738147e+03 5.629536070636864679e+03
5.208784475909196772e+03 5.203615195686888910e+03 5.217806142779175389e+03
5.229872703774532965e+03 5.222241147721726520e+03 5.238493292774373913e+03
5.264537348634634327e+03 5.252565736853605813e+03 5.257424221786296584e+03
5.301245438348855714e+03 5.293037639221242898e+03 5.296572039088621750e+03
5.337288601276868576e+03 5.333172625465866076e+03 5.333601582290519218e+03
5.368773613618984200e+03 5.368242143651031256e+03 5.365632831666110178e+03
5.395157751761213149e+03 5.396722928316832622e+03 5.400218053469006918e+03
5.424035466504259603e+03 5.424569661673412156e+03 5.428284942344605042e+03
5.445889560803266249e+03 5.445126451472726330e+03 5.446596227421624462e+03
5.455590025256625268e+03 5.454622104965165818e+03 5.454814596936093039e+03
5.453779791078964990e+03 5.454893687315673560e+03 5.456350522612509849e+03
5.455938057137005671e+03 5.455161591119693185e+03 5.453169941627381377e+03
5.452403644021484979e+03 5.447705707694981356e+03 5.445243722114233606e+03
5.434991575167342489e+03 5.434657327163790796e+03 5.436529203997502918e+03
5.425124789216661156e+03 5.425018521519999922e+03 5.424936201947809423e+03
5.427200054302301396e+03 5.416979948211174815e+03 5.414577766906213583e+03
5.415942487727495063e+03 5.414845524810106326e+03 5.406165871661991332e+03
5.418297288935063989e+03 5.426330449185997168e+03 5.425854081447687349e+03
5.454809137809994354e+03 5.470735743042730974e+03 5.465471740413307089e+03
5.523652225795277445e+03 5.511770397187973686e+03 5.510334693675208655e+03
5.539700789598276970e+03 5.546042658869384468e+03 5.555581490552311152e+03
5.551824808393034800e+03 5.572537841631590709e+03 5.617916026492315723e+03
5.213652245604593190e+03 5.214552780930324843e+03 5.218253446199377322e+03
5.234682724313071049e+03 5.231225471669535182e+03 5.242240307450638284e+03
5.266751421928634954e+03 5.261013197269694501e+03 5.270975118186332111e+03
5.304125669779677082e+03 5.301695321665604752e+03 5.309255141190147697e+03
5.342965560136867680e+03 5.341739806492066236e+03 5.342711034963536804e+03
5.377591535184516033e+03 5.377177932205879188e+03 5.376745482681206340e+03
5.411426444129480842e+03 5.411856852095233080e+03 5.414381533208374094e+03
5.445530636848607173e+03 5.449154704442794355e+03 5.450111028964457546e+03
5.473025937524032997e+03 5.476258022618562791e+03 5.470986217490047238e+03
5.481932244029049798e+03 5.480222716341237174e+03 5.479170812387407750e+03
5.474141098415204397e+03 5.476540427220291349e+03 5.478166059650628995e+03
5.470332357218128891e+03 5.472620606830459110e+03 5.471023331525494541e+03
5.464452289805873079e+03 5.455195447508075631e+03 5.458088630873165130e+03
5.436026238066167025e+03 5.440373118595102824e+03 5.444286499467898466e+03
5.429419519672154820e+03 5.434069204968041959e+03 5.432987829766694631e+03
5.427817737074073193e+03 5.432602246555422425e+03 5.415802047028374545e+03
5.410474907936809359e+03 5.412082838257359072e+03 5.401732705307878859e+03
5.407890997924259864e+03 5.415293762005785538e+03 5.412497583991997999e+03
5.452687376044909797e+03 5.446493237085414876e+03 5.447071056883334677e+03
5.489709644387903609e+03 5.492483017352841671e+03 5.491921822611158859e+03
5.525400511689965242e+03 5.529781773624513335e+03 5.541221317002055912e+03
5.543537229273785670e+03 5.541935383675050616e+03 5.612982066501615009e+03
5.219190366993722819e+03 5.211147170371065840e+03 5.213689800826870851e+03
5.239730915711629677e+03 5.237615479945435254e+03 5.239915830127460140e+03
5.268730178342500039e+03 5.268953388674592134e+03 5.271736671607773133e+03
5.308778302533227361e+03 5.311107985143435144e+03 5.316838227425516379e+03
5.354882185271833805e+03 5.355959709929348719e+03 5.357573275506650134e+03
5.398608411278238236e+03 5.396680978450772272e+03 5.396139910590075488e+03
5.434519847241290336e+03 5.438084529564711374e+03 5.438482403639238328e+03
5.477572743879680274e+03 5.473177129857557702e+03 5.473938120113532023e+03
5.501703887596530876e+03 5.494542162649407146e+03 5.495665105005331498e+03
5.509315548367939300e+03 5.507917121215214138e+03 5.503141094962659736e+03
5.500831893732993194e+03 5.501984747589123799e+03 5.502277927850120250e+03
5.488904594383528092e+03 5.493339561477729148e+03 5.493869488568954694e+03
5.483247232984373113e+03 5.481612257022894482e+03 5.480382523626328293e+03
5.472216940874026477e+03 5.468445060279866993e+03 5.467373301648168308e+03
5.455986906231035391e+03 5.456958264243343365e+03 5.452947111464284717e+03
5.447962576218546019e+03 5.457480759702456453e+03 5.433064421904610754e+03
5.399781976976231817e+03 5.406300307379830883e+03 5.413540863176789571e+03
5.407773262444199645e+03 5.410712021441145225e+03 5.415227893476207100e+03
5.467687157925841348e+03 5.445002711621077651e+03 5.438038774014818955e+03
5.496249517210342674e+03 5.488621551836663457e+03 5.487860098916487004e+03
5.523296097114129225e+03 5.536369874414451260e+03 5.543152547063554266e+03
5.552338767777614521e+03 5.579062792200313197e+03 5.611445365021100770e+03
5.222375482881148855e+03 5.189175358052085357e+03 5.196709835588321766e+03
5.245710766360496564e+03 5.226369737753308982e+03 5.223030610017362960e+03
5.278139998832987658e+03 5.280972617325184729e+03 5.272269081443746472e+03
5.327598587826330913e+03 5.330578931914283203e+03 5.331712002206450961e+03
5.385897977449658356e+03 5.384442385539642601e+03 5.386328899249259848e+03
5.430596425692501725e+03 5.428027318710613145e+03 5.430457381549151251e+03
5.464899980639999740e+03 5.465125982996319181e+03 5.465920331346427702e+03
5.495604433348240491e+03 5.495689603155720761e+03 5.501031602393914909e+03
5.524206516358921363e+03 5.515345126423629154e+03 5.520419979765742937e+03
5.532192241536253277e+03 5.533609933110267775e+03 5.528757462966182175e+03
5.534240280894378884e+03 5.530008152904297276e+03 5.530574214940857928e+03
5.523936208503763737e+03 5.524881254154654016e+03 5.523492650014574792e+03
5.516039456097596485e+03 5.515953167834430133e+03 5.513589576552267317e+03
5.507975272333273097e+03 5.509767161451049105e+03 5.507527352134972716e+03
5.502511865639434291e+03 5.503329269792640844e+03 5.496234433019980315e+03
5.478086498524478884e+03 5.468986749871910433e+03 5.470814005291322246e+03
5.443946363005679814e+03 5.450997665694441821e+03 5.449857251837428521e+03
5.430264746914136595e+03 5.443138168792504985e+03 5.441648629572887330e+03
5.459206112614252561e+03 5.464080261293283911e+03 5.462984644827864031e+03
5.515289547438105728e+03 5.516158787036736612e+03 5.509448250963284408e+03
5.554253527979046339e+03 5.570660653205725794e+03 5.564144803112015325e+03
5.620762916231657073e+03 5.619678422150801453e+03 5.617578513631835449e+03
5.165569358473050670e+03 5.163110690860848081e+03 5.164992874602149641e+03
5.207018174821951106e+03 5.209519175724086381e+03 5.219432676927393004e+03
5.300018887243050813e+03 5.275463237664196640e+03 5.288497975464695628e+03
5.363983634220179738e+03 5.366763814074008224e+03 5.355437802418176943e+03
5.424770964586006812e+03 5.420636686117006320e+03 5.418872121451317980e+03
5.458950939076845316e+03 5.456850750014284131e+03 5.458305933813688171e+03
5.485087297585322631e+03 5.482329448899246927e+03 5.487167073896571310e+03
5.507703558623677964e+03 5.510500011460294445e+03 5.516812437687751299e+03
5.533809852817155843e+03 5.534665106490217113e+03 5.541155358647557478e+03
5.558945191704869103e+03 5.554047606895832359e+03 5.555106637905119896e+03
5.564889954023590690e+03 5.559693838746011352e+03 5.557125131587426949e+03
5.556888583500624009e+03 5.558093541575481140e+03 5.557352043009028421e+03
5.552056354017220656e+03 5.552611339522158232e+03 5.557988877166036218e+03
5.556211945684293823e+03 5.559454820965511317e+03 5.559906787419953616e+03
5.555363506816491281e+03 5.561785960049966889e+03 5.552070493473622264e+03
5.529946918061141332e+03 5.530367556801128558e+03 5.524952095398103666e+03
5.495379516123259236e+03 5.495949954549448194e+03 5.498979975534317418e+03
5.473381016867042490e+03 5.485892675854643130e+03 5.489089842276050149e+03
5.501210501907852631e+03 5.507007400787016195e+03 5.508725614967311230e+03
5.560617296819338662e+03 5.555659757979665301e+03 5.556656564819991218e+03
5.634544666864053397e+03 5.614485994295801902e+03 5.612042312127231526e+03
5.662640199955480966e+03 5.649697470212557164e+03 5.663321743932065147e+03
5.135548904659553045e+03 5.125580985931567739e+03 5.141509239992317816e+03
5.191570092599988129e+03 5.197893277861272509e+03 5.212954626846370957e+03
5.326824357260124998e+03 5.288368834288838116e+03 5.306304294587905133e+03
5.397710962502757866e+03 5.399978711990311240e+03 5.383353262092785371e+03
5.449156767005851179e+03 5.445868078777779374e+03 5.437731487570324134e+03
5.475293442331601000e+03 5.474660129020971908e+03 5.472537636414420376e+03
5.498471680474497589e+03 5.496601015975965311e+03 5.495840382032784873e+03
5.522483796587334837e+03 5.527219734288007203e+03 5.525720892999428543e+03
5.555202640354529649e+03 5.552363153666958169e+03 5.553934334979967389e+03
5.585679570254114878e+03 5.579553825605833481e+03 5.577478435207478469e+03
5.590996941331679409e+03 5.592456784996094029e+03 5.590187158655016901e+03
5.591535629054577839e+03 5.597474439542570508e+03 5.597485408421393913e+03
5.599565142293414283e+03 5.599502662491107003e+03 5.608505122964400471e+03
5.631048339079665311e+03 5.610274502138597200e+03 5.613796974532674540e+03
5.630211117565072527e+03 5.613579705972736519e+03 5.609167710311557130e+03
5.584570293317970936e+03 5.589811958755717569e+03 5.586452526253098767e+03
5.569738667056335544e+03 5.556029680430885492e+03 5.559879713962692222e+03
5.575948941120981544e+03 5.551315057398309364e+03 5.554569664144435592e+03
5.583108808986702570e+03 5.574209341109623892e+03 5.572446805913508797e+03
5.618139530950281369e+03 5.622067939371598186e+03 5.620062328511614396e+03
5.677081430827836812e+03 5.670632230753772092e+03 5.668334424139628027e+03
5.702594246100234159e+03 5.710676774316442788e+03 5.717129410233944327e+03
5.121478921057001571e+03 5.135020301878614191e+03 5.141040012559126808e+03
5.197126270054741326e+03 5.197240739475586452e+03 5.222494066890299109e+03
5.297412808613441484e+03 5.290707849046753836e+03 5.325856577887515414e+03
5.415301011381518947e+03 5.392425019167206301e+03 5.398012850634378992e+03
5.455934318062244529e+03 5.456834230967324402e+03 5.445454749978388463e+03
5.486333464095760064e+03 5.481795210347604552e+03 5.476945986488460221e+03
5.513399641398274071e+03 5.504147204891113688e+03 5.500500975102760094e+03
5.542317989149506502e+03 5.535707924197338798e+03 5.531781530447608930e+03
5.580803235852124999e+03 5.565847970792322485e+03 5.568115228665831637e+03
5.600861287787281981e+03 5.600694909604392706e+03 5.596174979033051386e+03
5.628343384291387338e+03 5.619468634011228460e+03 5.618612132922915407e+03
5.624463365131256069e+03 5.632642908676793013e+03 5.637365590251112735e+03
5.639663629503404991e+03 5.644232502753015979e+03 5.647524540760236960e+03
5.668843119159992057e+03 5.656740558951831190e+03 5.655858402131952062e+03
5.671726151941673379e+03 5.653506062025518077e+03 5.652719365946551989e+03
5.613848651887788947e+03 5.632456476427795678e+03 5.640057499617362737e+03
5.617184318272894416e+03 5.621537637560686562e+03 5.626297969735031074e+03
5.633153084318209039e+03 5.633470958126571531e+03 5.626103010565640943e+03
5.653523507973338383e+03 5.641906238279731042e+03 5.654320100808159623e+03
5.684188038031275028e+03 5.683562454917601826e+03 5.690918491132679264e+03
5.718743218216682180e+03 5.742261866931978147e+03 5.732537913617082268e+03
5.740708461680924302e+03 5.769429221323809543e+03 5.772776980105250004e+03
5.161573130036956172e+03 5.165026839717374969e+03 5.175186401303812090e+03
5.233954443959872151e+03 5.245528555649803820e+03 5.261051836717365404e+03
5.318448556443139751e+03 5.320743695720578216e+03 5.351777300482263854e+03
5.421482179454618745e+03 5.398414806162709283e+03 5.416804113868746754e+03
5.462040996945591360e+03 5.461529484234084521e+03 5.454385220425331681e+03
5.499128912767057045e+03 5.492017121920135651e+03 5.483154011499830631e+03
5.537460757010728230e+03 5.524050209380980050e+03 5.515162714481048170e+03
5.553657469316461174e+03 5.553320696292122193e+03 5.548501393585710503e+03
5.586588370730467432e+03 5.581174396000258639e+03 5.583500418261066443e+03
5.611404157515216866e+03 5.615704100533754172e+03 5.616658351666138515e+03
5.650637405977639901e+03 5.646157821668414726e+03 5.639041378400413123e+03
5.663117165135316100e+03 5.656584762918137130e+03 5.662245045886587832e+03
5.672488201295900581e+03 5.684126567348392200e+03 5.672916000089609952e+03
5.688564750813217870e+03 5.681290820352322953e+03 5.688783599867371777e+03
5.694514305500507362e+03 5.701823502294190803e+03 5.694998607286063816e+03
5.676673985670286129e+03 5.683452709616397442e+03 5.690338658967026277e+03
5.663735890366130661e+03 5.689058851744097410e+03 5.689664462859820560e+03
5.705025930496709407e+03 5.697961346591986512e+03 5.698602545384736004e+03
5.713262231224243806e+03 5.713185641611612482e+03 5.720400677365075353e+03
5.754244644709535351e+03 5.755741046775494397e+03 5.752238230305393699e+03
5.810703718630657931e+03 5.797779150129328627e+03 5.787782841974128132e+03
5.829872012650031138e+03 5.822214915370053859e+03 5.821420207952723104e+03
5.218447800598607500e+03 5.211846466131045418e+03 5.222224923372840749e+03
5.327371659896647543e+03 5.293190546961964174e+03 5.304954134171168334e+03
5.382278228236669747e+03 5.358168477810749209e+03 5.380078337728351471e+03
5.430932280516798528e+03 5.432430795165563723e+03 5.432508630481056571e+03
5.475467424731482424e+03 5.471457725397713148e+03 5.469353746229809985e+03
5.511598949988165259e+03 5.511679681601447555e+03 5.501756704260860715e+03
5.545467796206246021e+03 5.550641561624132919e+03 5.540742364526224264e+03
5.575626403149261932e+03 5.571566003481796542e+03 5.573166780223134083e+03
5.597043034072465161e+03 5.597426406628103905e+03 5.601380116833831380e+03
5.626218401069011634e+03 5.626206076016756015e+03 5.634840557212779458e+03
5.670790239785566882e+03 5.655801605392328383e+03 5.657395300747423789e+03
5.684606483052190015e+03 5.682659956892536684e+03 5.679987399036196621e+03
5.695241662496850040e+03 5.695180395147307536e+03 5.696208998921248167e+03
5.707457736768253199e+03 5.708832104726119724e+03 5.714115044989593116e+03
5.727176529147345718e+03 5.724644828097858408e+03 5.729319757755546561e+03
5.747519334053034072e+03 5.744024977326980661e+03 5.737271685943718694e+03
5.756494440603583826e+03 5.757970552942770155e+03 5.747201339203499629e+03
5.765666056296490751e+03 5.755983781297535643e+03 5.755371078877305990e+03
5.775674928659491343e+03 5.764771763346582702e+03 5.772861687894593160e+03
5.793351926663028280e+03 5.775198222691209594e+03 5.798333642875562873e+03
5.836164985582453482e+03 5.830432963707572526e+03 5.826904560856976786e+03
5.850647197301108463e+03 5.853035179682157832e+03 5.853513132195037542e+03
5.278825029250483567e+03 5.264950752303587251e+03 5.265262904100703963e+03
5.350807116495098853e+03 5.342456709656576095e+03 5.342600194125262533e+03
5.400465013127591192e+03 5.398204893865407939e+03 5.404858128522492734e+03
5.450903184544199576e+03 5.446488553248381322e+03 5.450110843068567192e+03
5.494698666588873493e+03 5.492129212577674480e+03 5.484134650707610490e+03
5.540200009491159108e+03 5.535385646088021531e+03 5.528411937937291441e+03
5.569150602447574784e+03 5.571956022653299442e+03 5.569749238332399727e+03
5.597583833362444238e+03 5.597117534058927049e+03 5.597709405831492404e+03
5.629170251668969286e+03 5.623068868161069986e+03 5.623271213307669314e+03
5.644253318625815155e+03 5.650631295516317550e+03 5.649555245788079446e+03
5.683499148811428313e+03 5.668921319187776135e+03 5.675700724557535068e+03
5.697897018261021003e+03 5.700206399874818089e+03 5.701376869843027634e+03
5.713514419809528590e+03 5.714886048347913857e+03 5.714576431680128735e+03
5.731950129869716875e+03 5.732324734342218107e+03 5.734287731913894277e+03
5.752999706141114984e+03 5.751479699933031043e+03 5.754898269371255083e+03
5.775612470902199675e+03 5.771701135520173011e+03 5.774799077736738582e+03
5.784853472160660203e+03 5.785249524769546952e+03 5.788282079340415294e+03
5.792309582034296000e+03 5.798690531647934222e+03 5.799154247781510094e+03
5.802076060740784669e+03 5.806337142617861900e+03 5.808357949159303644e+03
5.815622015499017834e+03 5.824189995354808161e+03 5.825320936355773483e+03
5.840056396129569293e+03 5.844613181532520684e+03 5.849388190493258662e+03
5.859678062072170178e+03 5.862779234045023259e+03 5.871816994540000451e+03
5.309666714542610862e+03 5.297349134735809457e+03 5.296015076419954312e+03
5.375197859808026806e+03 5.367173963485693093e+03 5.368863480752755095e+03
5.426398271419224329e+03 5.410646145902373064e+03 5.429971506710375252e+03
5.469080834939147280e+03 5.473485452225909285e+03 5.466441629504434786e+03
5.524047610455558242e+03 5.523121622475072400e+03 5.516087390609184695e+03
5.560221456869127906e+03 5.562981434932295087e+03 5.560627193679273660e+03
5.592851992144157521e+03 5.591850400702594015e+03 5.593078125836003892e+03
5.622902684170372595e+03 5.621693599258182985e+03 5.620095949255084633e+03
5.650302305003963738e+03 5.647265269767871359e+03 5.646914990046425373e+03
5.679241478571292646e+03 5.671811816171269129e+03 5.673011954921792494e+03
5.701285559461351113e+03 5.698955779239950971e+03 5.697576261741924100e+03
5.716840546989637915e+03 5.719194210388819556e+03 5.720004351755129392e+03
5.735484116256121524e+03 5.736530879856208230e+03 5.736456837569011441e+03
5.756324914698583598e+03 5.756542384404337099e+03 5.757349534818476968e+03
5.771231359230291673e+03 5.776461782961371682e+03 5.779930306729957010e+03
5.796560676359034005e+03 5.797633931157050938e+03 5.797879488886772378e+03
5.816606496293257806e+03 5.815706015123568250e+03 5.812637367130054372e+03
5.825931827306206287e+03 5.821866856546536837e+03 5.826108781506658488e+03
5.828659099389104085e+03 5.827994614007284326e+03 5.832691164647562800e+03
5.833027333834275851e+03 5.833631526517336169e+03 5.843738721232208263e+03
5.845375867691180247e+03 5.851868659573531659e+03 5.856120092179065978e+03
5.854387625670512534e+03 5.864987923474810486e+03 5.875794011251133270e+03
5.319813953035945815e+03 5.304579283860462056e+03 5.315699582677410945e+03
5.370785814723602016e+03 5.375593728085956172e+03 5.392859584014962820e+03
5.449541829189496639e+03 5.427754538382820101e+03 5.429424883135898199e+03
5.501747681972388818e+03 5.505719612171687004e+03 5.497712663975288706e+03
5.551349934090019815e+03 5.548466762835376358e+03 5.548736610887898678e+03
5.582127539316958973e+03 5.582013395176085396e+03 5.587060328722955092e+03
5.618654350710698964e+03 5.613697385740665595e+03 5.618103077907332590e+03
5.638976932476930415e+03 5.641879041541626975e+03 5.643197836793904571e+03
5.670817639720922671e+03 5.669730748464523458e+03 5.669024142340299477e+03
5.696440956656723756e+03 5.696680625316957958e+03 5.694022058343494791e+03
5.716971235285885996e+03 5.717075173419000748e+03 5.717582698761905704e+03
5.738731575548563342e+03 5.737370055692569622e+03 5.737085544303738061e+03
5.759747290543062263e+03 5.759067022132964667e+03 5.758864985115135823e+03
5.778223012888005542e+03 5.778133764566220634e+03 5.777049957821113821e+03
5.792641506663931978e+03 5.792649159930060705e+03 5.797806496853381759e+03
5.820542691516818195e+03 5.816917904131451905e+03 5.817409934745778628e+03
5.837263699416676900e+03 5.832246603052414684e+03 5.831151285443574125e+03
5.843046238125787568e+03 5.843248338338640679e+03 5.842180086363668124e+03
5.844939662750460229e+03 5.847217188448908018e+03 5.847356189526724847e+03
5.846967556017536481e+03 5.848130359901241718e+03 5.850146730678246968e+03
5.845917362302773654e+03 5.850425818042397623e+03 5.861938622110828874e+03
5.843250440763245024e+03 5.871979977247716306e+03 5.875040688576379580e+03
5.326005930189020546e+03 5.318218277890700847e+03 5.320770769711390130e+03
5.374225040930288742e+03 5.388356318859786370e+03 5.403664183184562717e+03
5.454066504690618785e+03 5.459496451884655471e+03 5.452957965286793296e+03
5.525707570872796168e+03 5.517923498719149393e+03 5.523198431658975096e+03
5.571151992871391485e+03 5.568066636321031183e+03 5.576821270209561590e+03
5.613786916396195920e+03 5.610116337321724131e+03 5.610481019000600099e+03
5.653786487130163550e+03 5.639740337260934211e+03 5.640740591759268682e+03
5.664893532587706432e+03 5.668826597153592957e+03 5.666350425877552880e+03
5.694778953558663488e+03 5.687138104645054227e+03 5.689793151482406756e+03
5.711556895722723311e+03 5.711884224168486980e+03 5.710114665976986544e+03
5.732760315117813661e+03 5.731784014414076410e+03 5.731859489715050586e+03
5.751738257555972268e+03 5.753307458765012598e+03 5.751582773387731322e+03
5.775897368202616235e+03 5.775697807637074220e+03 5.776418859976845852e+03
5.796261482629976854e+03 5.795297913212713866e+03 5.793893429323131386e+03
5.809586862794231820e+03 5.809910823214931952e+03 5.812659373591738586e+03
5.819933760142397659e+03 5.830917073395066836e+03 5.831315054103847615e+03
5.851033673775473289e+03 5.843192766647092867e+03 5.845717816654650051e+03
5.855891945897820733e+03 5.855321005663342476e+03 5.856437202621958022e+03
5.856910826623283356e+03 5.856805828946841757e+03 5.860858572513683612e+03
5.858177243183879909e+03 5.854718068059835787e+03 5.863268239062289467e+03
5.855516265594908873e+03 5.855740488265920249e+03 5.862703928259796157e+03
5.850461152902666072e+03 5.874545454169133336e+03 5.864296081651105851e+03
5.336322685466852818e+03 5.325399052788380686e+03 5.331786374558322677e+03
5.406100706813216675e+03 5.405571681009065287e+03 5.410706823213944517e+03
5.482938387343464456e+03 5.474797826559754867e+03 5.481250627528092082e+03
5.553029162206543333e+03 5.542671838575710353e+03 5.540616042237990769e+03
5.584843449922042964e+03 5.586282258458565593e+03 5.592658335499430905e+03
5.633821586176838537e+03 5.630430554960438712e+03 5.629330837041859922e+03
5.669012932000841829e+03 5.660685274264455984e+03 5.659660253806001492e+03
5.681321214113901988e+03 5.687852669778780182e+03 5.684732951389148184e+03
5.703372448583996629e+03 5.702644417831820647e+03 5.705605059075083773e+03
5.721780394534594961e+03 5.724989139006554979e+03 5.724654048170088572e+03
5.738256575717973647e+03 5.741399519344492546e+03 5.744666430118868448e+03
5.761233129076887053e+03 5.764687130386586432e+03 5.762439818876094250e+03
5.786201924472282371e+03 5.785868597933464116e+03 5.785833642512946426e+03
5.804734075234803640e+03 5.808153955294894331e+03 5.807483252591974633e+03
5.821053676265601098e+03 5.823078121948456101e+03 5.824447138466469369e+03
5.831724413833824656e+03 5.837902803706385384e+03 5.839827216334499099e+03
5.848508873147868144e+03 5.853735330078848165e+03 5.852034974246442289e+03
5.864218665687852990e+03 5.864442492848524125e+03 5.864730683635783862e+03
5.868204026449315279e+03 5.864929765590715760e+03 5.873574209308289937e+03
5.868701985735884591e+03 5.864232996613770410e+03 5.874849704215531347e+03
5.866222376821304351e+03 5.860516961547085884e+03 5.867578500401583369e+03
5.861443760678212129e+03 5.858446928307708731e+03 5.868287349280748458e+03
5.366248030453261890e+03 5.346725086419514810e+03 5.347259543799801577e+03
5.436002969449594275e+03 5.437059091221458402e+03 5.433625996732595013e+03
5.512894836534865135e+03 5.503211970406372529e+03 5.501021940447806628e+03
5.560519973401486823e+03 5.562429904971188989e+03 5.560209122019446113e+03
5.607115534224296425e+03 5.606121748043346088e+03 5.606165591532787403e+03
5.642014223291424059e+03 5.644472615329042128e+03 5.638505598639326308e+03
5.675629092305295671e+03 5.674606226150175644e+03 5.670131253269752051e+03
5.697296215913995184e+03 5.700301317344371455e+03 5.696114151239840794e+03
5.721238359677367953e+03 5.716680174187924422e+03 5.717030322320755658e+03
5.739728268742478576e+03 5.735952147956249974e+03 5.735904040630409327e+03
5.749340063794626076e+03 5.754201970948792223e+03 5.755762488154296079e+03
5.771247516796314812e+03 5.771320273312011523e+03 5.773015376010561340e+03
5.795094840372199542e+03 5.792755779962244560e+03 5.792856078481512668e+03
5.812168353084056434e+03 5.814846619319845558e+03 5.812568435136803600e+03
5.827491838771286893e+03 5.828475800121385873e+03 5.829544824682539002e+03
5.846847721796669248e+03 5.843937210276074438e+03 5.842732166082761069e+03
5.858722403444880911e+03 5.857058436511263608e+03 5.855382231155595946e+03
5.864125646686759865e+03 5.868960767867424693e+03 5.866375386092970075e+03
5.866676621132652144e+03 5.877925279247366234e+03 5.876417513058092482e+03
5.875983275584397234e+03 5.875980451600985361e+03 5.873343226814797163e+03
5.877147117196995168e+03 5.876580833963608711e+03 5.872574095439075791e+03
5.876336990172543665e+03 5.877898459769057808e+03 5.867293499750219780e+03
5.346984241195916184e+03 5.375234970558430177e+03 5.373110551980720629e+03
5.481364048564469158e+03 5.463605739531385552e+03 5.458583100521941560e+03
5.528412388736040157e+03 5.523171407840553911e+03 5.520974480117632083e+03
5.573254832052691199e+03 5.569403092829264097e+03 5.571148280746955606e+03
5.604453747372692305e+03 5.608793250911536234e+03 5.611972801560626067e+03
5.642971872696694845e+03 5.638911538543376992e+03 5.641817058474453006e+03
5.668769212776728637e+03 5.668665525740694648e+03 5.670477940796561597e+03
5.693407727047191656e+03 5.695704313963170534e+03 5.697845270589272332e+03
5.722003277124798842e+03 5.721961800431291522e+03 5.722833353450638242e+03
5.745246931307674458e+03 5.745511682224337164e+03 5.745578702960189730e+03
5.757165231410358501e+03 5.762357938580899827e+03 5.763934119357864802e+03
5.784291255825502049e+03 5.781448632831568830e+03 5.781592687890306479e+03
5.799570195800224610e+03 5.800371138938476179e+03 5.799906638098970689e+03
5.816996201859251414e+03 5.817324117512563134e+03 5.816721496999393821e+03
5.831823935696729677e+03 5.830412170195000726e+03 5.832061890148234852e+03
5.837451714806857126e+03 5.846459947562846537e+03 5.844017363255909913e+03
5.857124793678227434e+03 5.858627515447431506e+03 5.855882686142387684e+03
5.868866473397069967e+03 5.870775743244343175e+03 5.867934621211446938e+03
5.872897407142957491e+03 5.880394706723413037e+03 5.876572289803121748e+03
5.872214577445957730e+03 5.877791869723788295e+03 5.877348422353045862e+03
5.874937705266325793e+03 5.879842407230735262e+03 5.877785948114255007e+03
5.877188126867887149e+03 5.870052953975666242e+03 5.878833824147706764e+03
5.403081528027592867e+03 5.405146113958837304e+03 5.411358186737211327e+03
5.499680831180557107e+03 5.474515479484013667e+03 5.476794465600029071e+03
5.537483381109661423e+03 5.536107465149701056e+03 5.531523039033232635e+03
5.574000485600441607e+03 5.575152070838614236e+03 5.575969832518994735e+03
5.605617446098975961e+03 5.607436895522851955e+03 5.607689314212725549e+03
5.636454566921999685e+03 5.634899940872567640e+03 5.637193749470540752e+03
5.662875279379646599e+03 5.664567153655974835e+03 5.663954981570058408e+03
5.692773179295911177e+03 5.690571545573506228e+03 5.694970948524527557e+03
5.721401933625359561e+03 5.722218544456068230e+03 5.722872561305013733e+03
5.748963318187524237e+03 5.751189754785369587e+03 5.751791092902599303e+03
5.771772602035162890e+03 5.771586437214789839e+03 5.771611465977128319e+03
5.791171743777475058e+03 5.789774871351158254e+03 5.789267651931892033e+03
5.806706585616672783e+03 5.807283060161269532e+03 5.804672414806900633e+03
5.820427141993349323e+03 5.822008979986054328e+03 5.819260539853267801e+03
5.829688341332044729e+03 5.830715022775167199e+03 5.833878780223409194e+03
5.842329301737451715e+03 5.842548250380928039e+03 5.848565110616345009e+03
5.855299211617194487e+03 5.858096300018425609e+03 5.861041118396079582e+03
5.867563929316752365e+03 5.871176184824410484e+03 5.870565706705546290e+03
5.874432297204214592e+03 5.873081637947167110e+03 5.879720865884226441e+03
5.877946788315106460e+03 5.874809386004844782e+03 5.882653650048314375e+03
5.880455514876417510e+03 5.875089996271924065e+03 5.882360120767421904e+03
5.881611260160703750e+03 5.874744574736147115e+03 5.879723190567273377e+03
5.435570508233918190e+03 5.435560374565096026e+03 5.441123391890573657e+03
5.501049465525366031e+03 5.492763837620446793e+03 5.494233976394894853e+03
5.535829867654363625e+03 5.537252806217984471e+03 5.540744220562990449e+03
5.571173786234544423e+03 5.572916347281899107e+03 5.580621868035897023e+03
5.603067473656618859e+03 5.603547112672245021e+03 5.601962079484062997e+03
5.631050905240681459e+03 5.629667305255004067e+03 5.631390561015186904e+03
5.658432448033518995e+03 5.655881075019842683e+03 5.658001916613840876e+03
5.690548113918672243e+03 5.685819181005228529e+03 5.690294049548824660e+03
5.721683460662421567e+03 5.720682408482193750e+03 5.721636388272717340e+03
5.752491421025963064e+03 5.750256219728353244e+03 5.753733562375545262e+03
5.775837724420055565e+03 5.777900985442905039e+03 5.776690647990556499e+03
5.794254034211350699e+03 5.793799103582447060e+03 5.792747765971284025e+03
5.810160526824473891e+03 5.810396869050779060e+03 5.805063100111251515e+03
5.827446169540521623e+03 5.825398222245219586e+03 5.824781877703831924e+03
5.834338765731035892e+03 5.839726254546313612e+03 5.839659992382745259e+03
5.848502740499134234e+03 5.853628584401874832e+03 5.856783700658399539e+03
5.863746884591691014e+03 5.867807632729522084e+03 5.868651774511998156e+03
5.879089496222268281e+03 5.879044545300910613e+03 5.876926401102517048e+03
5.878970355303737051e+03 5.880363445789226716e+03 5.881642845700906037e+03
5.881786209280796356e+03 5.880136835557679660e+03 5.883092657680710545e+03
5.883055026290620845e+03 5.878791984609830251e+03 5.882349331460474787e+03
5.883372661509556565e+03 5.877241845554893189e+03 5.879590547884016814e+03
5.466149631534763103e+03 5.465242535329185557e+03 5.469109703612973135e+03
5.498957840521137769e+03 5.508508062173871622e+03 5.507248581283027306e+03
5.527049058363579206e+03 5.530733973169795718e+03 5.545467568264628426e+03
5.559664449867875192e+03 5.565293373031132433e+03 5.579830683590553235e+03
5.595103472565695483e+03 5.600184675168065041e+03 5.585434248812500300e+03
5.624897887453818839e+03 5.631780612207563536e+03 5.611150832929469289e+03
5.652556112150791705e+03 5.648605444472191266e+03 5.633068121137642265e+03
5.683177671625774565e+03 5.679249441884318003e+03 5.662838039322008626e+03
5.719783925753054064e+03 5.720419881400117447e+03 5.704756112102506449e+03
5.752378108749104285e+03 5.748154346054029702e+03 5.737395387679055602e+03
5.776845574774299166e+03 5.777862781552444176e+03 5.765166176240189998e+03
5.795586253793845572e+03 5.795626704109035927e+03 5.794407545060746997e+03
5.812309521288703763e+03 5.810638165946726986e+03 5.815625086840025688e+03
5.832142429989293305e+03 5.829550439973083485e+03 5.830695708070394176e+03
5.841408242771391997e+03 5.854447531758039986e+03 5.851303909419417323e+03
5.871679343392482224e+03 5.866072085191891347e+03 5.866543634228043629e+03
5.882319324595448052e+03 5.877391624817353659e+03 5.877768790953165080e+03
5.888265814848841728e+03 5.887164591997848220e+03 5.883557076385798609e+03
5.882366890484395299e+03 5.886351262110909374e+03 5.885914431670137674e+03
5.883894538074422599e+03 5.883731797585875029e+03 5.886100967438018415e+03
5.884369652388476425e+03 5.880569107965744479e+03 5.884691465735659222e+03
5.884219806204266206e+03 5.877726077933522902e+03 5.882380891851766137e+03
