5.307806588666801872e+03 5.281917644733541238e+03
5.345039768545730112e+03 5.301679363281369660e+03
5.364247433326532700e+03 5.332935675112315948e+03
5.388491284185272889e+03 5.351563479139877018e+03
5.405542879158958385e+03 5.352079679932787258e+03
5.421698865959195246e+03 5.375737421292906220e+03
5.441471574477247486e+03 5.385384659880770414e+03
5.477872067749241978e+03 5.399278819805364037e+03
5.494759518286467937e+03 5.414870241611737583e+03
5.526493711624192656e+03 5.443583244007466419e+03
5.544425720269733574e+03 5.460286022903528647e+03
5.564615259971164051e+03 5.498051723922319070e+03
5.592652552642975934e+03 5.518223429836347350e+03
5.605537823498918442e+03 5.566490913541856571e+03
5.640152246020676102e+03 5.577355577064634417e+03
5.679693472805200145e+03 5.651357558867108310e+03
5.721497122674249113e+03 5.689178728665661765e+03
5.767771027455688454e+03 5.725040624266111990e+03
5.822334119502804242e+03 5.774885636358376360e+03
5.820562812122283503e+03 5.835314607874490321e+03
5.854201183838304132e+03 5.896817223013145849e+03
5.994244538158178329e+03 5.964436165102233645e+03
5.309583075009042659e+03 5.282271436441002152e+03
5.327223938494993490e+03 5.306296326994281117e+03
5.358326560863999475e+03 5.332872130137679051e+03
5.382219529586775025e+03 5.352610617230972821e+03
5.393949740812531672e+03 5.356056092861655998e+03
5.400515698578454248e+03 5.373907066807820229e+03
5.419418901608811211e+03 5.383401854143372475e+03
5.439563119377336989e+03 5.399318900769456377e+03
5.452314663782995922e+03 5.406811660560153541e+03
5.471335452733224884e+03 5.433514646876214101e+03
5.491975900026620366e+03 5.451694289034716348e+03
5.507962268023089564e+03 5.481115946359124791e+03
5.525220931134157581e+03 5.495470723125596123e+03
5.549425248919920705e+03 5.522727133413456613e+03
5.572170515770543716e+03 5.569360151147659053e+03
5.598440768414329796e+03 5.598257986650263774e+03
5.631474645214722841e+03 5.629491191626410000e+03
5.671189260871673469e+03 5.663886716003878973e+03
5.733240729790995829e+03 5.717029310558573343e+03
5.784539756585436407e+03 5.759629754781286465e+03
5.817564411116531119e+03 5.811531905497802654e+03
5.922875843616668135e+03 5.878608560068299994e+03
5.277885144592366487e+03 5.275517384353008310e+03
5.307022837719155177e+03 5.304579408013126340e+03
5.327850785744406494e+03 5.322539050346449585e+03
5.358701477463782794e+03 5.348129832723770960e+03
5.364877361376566114e+03 5.355049501868112202e+03
5.372143990649959960e+03 5.364513882368233681e+03
5.388729140940557045e+03 5.381642270555374125e+03
5.412195628180219501e+03 5.397256755674256055e+03
5.421539737778150084e+03 5.398595077919573669e+03
5.432225381419973019e+03 5.424921170461966540e+03
5.449289915088669659e+03 5.445383688925223396e+03
5.464993954885318090e+03 5.456202755652378983e+03
5.475562310907624124e+03 5.480562312420279341e+03
5.497315017731740227e+03 5.492268697265077208e+03
5.510837350447050994e+03 5.529934154195740120e+03
5.538619438255591376e+03 5.551685150886238262e+03
5.573550220410576003e+03 5.579330680968356319e+03
5.605999022808107839e+03 5.610586219592281850e+03
5.651538361809114576e+03 5.648243669864183175e+03
5.705726310597994598e+03 5.697792363472253783e+03
5.782237960330210626e+03 5.745374284335441189e+03
5.860838224576553330e+03 5.804894119738368317e+03
5.267959270462626591e+03 5.284358068990988613e+03
5.280830117074339796e+03 5.301632525850282036e+03
5.300704739758629330e+03 5.322904596274754113e+03
5.312708554903045297e+03 5.344391168206704606e+03
5.335870414936794987e+03 5.353366100719125825e+03
5.356332941741335162e+03 5.359739033554937123e+03
5.374334112891207042e+03 5.374741579567307781e+03
5.389355553415479335e+03 5.393855639241412064e+03
5.401102640443781638e+03 5.414185200449579497e+03
5.416436359229531263e+03 5.421586112788289029e+03
5.424274741987581365e+03 5.426097388937245341e+03
5.433703971789083880e+03 5.443001911630741233e+03
5.444178201026145871e+03 5.462646587140112388e+03
5.463965689348478918e+03 5.479276316331721318e+03
5.476850474153601681e+03 5.499425353601545794e+03
5.499323206688417486e+03 5.516978442552630440e+03
5.532029881881489928e+03 5.538251833371417888e+03
5.568117670736930449e+03 5.570292198626084428e+03
5.608360979065200809e+03 5.598867384055643925e+03
5.656633715798405319e+03 5.637530023107916350e+03
5.730284109889442334e+03 5.684006875838866108e+03
5.781773126437998144e+03 5.731578827390418155e+03
5.243781619506786228e+03 5.291105602889270813e+03
5.262894569662046706e+03 5.303678284524572518e+03
5.290317655655440831e+03 5.318713489513645982e+03
5.307451058460885179e+03 5.341555969464274312e+03
5.329829366148473127e+03 5.347446696930201142e+03
5.351268411753060718e+03 5.361288630277358607e+03
5.352405573378080589e+03 5.379004025638911116e+03
5.373998582318168701e+03 5.388670028000978164e+03
5.391054778101388365e+03 5.403172310151951024e+03
5.402338721737163723e+03 5.414950886110940701e+03
5.415932808760340777e+03 5.423566343438767944e+03
5.415516429562553640e+03 5.439476338211545226e+03
5.423992145165182592e+03 5.447854454246898968e+03
5.433093379097495927e+03 5.463272747465478460e+03
5.445570621318833219e+03 5.480423591897892038e+03
5.469730116275457476e+03 5.501117325669798447e+03
5.498298423899553200e+03 5.516984190585077158e+03
5.530942266357315020e+03 5.540184110278882144e+03
5.567081560597020143e+03 5.565170036162999168e+03
5.615851730435490936e+03 5.593022383497147530e+03
5.687430590440839296e+03 5.632108438568975544e+03
5.770576399138109991e+03 5.681919282131813816e+03
5.248401379345741589e+03 5.283223462874721008e+03
5.249078110293989084e+03 5.292006973909332373e+03
5.279853787075639048e+03 5.311484513659659569e+03
5.299411473940959695e+03 5.339600302764727530e+03
5.310780102375414572e+03 5.343599966066241905e+03
5.337344955251126521e+03 5.358179295816882586e+03
5.357359137152705443e+03 5.374617697499669703e+03
5.366316493153368356e+03 5.387909918164440569e+03
5.386751243010241524e+03 5.400395384865358210e+03
5.392987482744432782e+03 5.410983861360258743e+03
5.398908907357009411e+03 5.428576631531496787e+03
5.412416556526096429e+03 5.432441109936668909e+03
5.408590194314881956e+03 5.441711276883819664e+03
5.414535799787605356e+03 5.456861438251746222e+03
5.433318134464429022e+03 5.474237960147000194e+03
5.449637040618439642e+03 5.489204777534749155e+03
5.473192063520260490e+03 5.503739197276749110e+03
5.506107531014085907e+03 5.525079698051660671e+03
5.535601383368322786e+03 5.543458318290908210e+03
5.585981505526528053e+03 5.569965195578661223e+03
5.650253879987663822e+03 5.598952762908302248e+03
5.681928160469506111e+03 5.642318908164248569e+03
5.232209020551314097e+03 5.278172397944639670e+03
5.235751280556687561e+03 5.288712109533233161e+03
5.267630297544350469e+03 5.306820653832890457e+03
5.282160918752493671e+03 5.329841729887666588e+03
5.297187549183925512e+03 5.335621264735722434e+03
5.326469124344162992e+03 5.356109997009201834e+03
5.362023600707370861e+03 5.374089393068694335e+03
5.377756200369225553e+03 5.390538700092357431e+03
5.393261543912401976e+03 5.401621674218591579e+03
5.397664825208257753e+03 5.416644438814932073e+03
5.394191558832744704e+03 5.428711376102366557e+03
5.407442655766253665e+03 5.433221158437914710e+03
5.402230551227736214e+03 5.441608979096096846e+03
5.412743239085900314e+03 5.457694868559729912e+03
5.420989786358050878e+03 5.473957401788319657e+03
5.436220303354799398e+03 5.486402140308535309e+03
5.454060690288475598e+03 5.502924230956405154e+03
5.477185228368683966e+03 5.517430858155476017e+03
5.506351290979027908e+03 5.532656634020717320e+03
5.559561662819693083e+03 5.554562347186882107e+03
5.587701896191881133e+03 5.582183674393050751e+03
5.626545120397109713e+03 5.615077809270133002e+03
5.230522564622990103e+03 5.268478633726750559e+03
5.245347681943870157e+03 5.283721642207265177e+03
5.263543350869615097e+03 5.314886668078284856e+03
5.273931431944458382e+03 5.334032103298508446e+03
5.300452047828070135e+03 5.336368378997145555e+03
5.335434743018960944e+03 5.357529563933832833e+03
5.354727914873004920e+03 5.376904473794991645e+03
5.391753276018716861e+03 5.389654178921083258e+03
5.400284837575169149e+03 5.407201284587492410e+03
5.410982703442296042e+03 5.414582599730902075e+03
5.411208896355929028e+03 5.431362069239872653e+03
5.421506864151330774e+03 5.439440218087227549e+03
5.410916761505467548e+03 5.453464113311674737e+03
5.409916454299824181e+03 5.465339266204878186e+03
5.415098612630846219e+03 5.480123274906205552e+03
5.426636030504642804e+03 5.492119602654327537e+03
5.439276928383367704e+03 5.506357447144688194e+03
5.454631168699099362e+03 5.521669014159770086e+03
5.485508655482654831e+03 5.533851125246063020e+03
5.532812022484421504e+03 5.551578828677427737e+03
5.563686060905936756e+03 5.575140554841933408e+03
5.605157001121455323e+03 5.600813950824249332e+03
5.232817422229474687e+03 5.271489201734599192e+03
5.245030765020175750e+03 5.294543506120631719e+03
5.257522265422927376e+03 5.315997339848261618e+03
5.286106694722582688e+03 5.334969171318467488e+03
5.312472819821006851e+03 5.347603964293972240e+03
5.349148423551339874e+03 5.362086012642559581e+03
5.364622072791871688e+03 5.381717515318880032e+03
5.398571731686897692e+03 5.395752142434576854e+03
5.416499883613760176e+03 5.409812937728061115e+03
5.421012691118216026e+03 5.424425856875618592e+03
5.418120460758863373e+03 5.437281170826043308e+03
5.429268716148252679e+03 5.449089054838654192e+03
5.420380332034296771e+03 5.467529944013110253e+03
5.418716729795801257e+03 5.481691687773172816e+03
5.415370106888512964e+03 5.492230993252453118e+03
5.426236882511573640e+03 5.507544909886643836e+03
5.436147233377978409e+03 5.517743964628106369e+03
5.450872397586996158e+03 5.531145651316519434e+03
5.476050260466913642e+03 5.542173958216891151e+03
5.509754500656196797e+03 5.560802091048091825e+03
5.548249074508631566e+03 5.576415504029781005e+03
5.589006046290616723e+03 5.602428816462688701e+03
5.234650322509303805e+03 5.263474680384357271e+03
5.248732897624371617e+03 5.289975104136210575e+03
5.272098527038866450e+03 5.314066126445302871e+03
5.301825908629351034e+03 5.336994533842293094e+03
5.322497963385390904e+03 5.359538633543210381e+03
5.356859451478821939e+03 5.365291051205622352e+03
5.393785486296790623e+03 5.387655767368127272e+03
5.415408475435615401e+03 5.404223161898887156e+03
5.438159644882709472e+03 5.419739512673703757e+03
5.448104613010491448e+03 5.435424425127719587e+03
5.444156923464560350e+03 5.455583615759804161e+03
5.443844654544929654e+03 5.464641317866210557e+03
5.435668900143381506e+03 5.478075498230948142e+03
5.437107517207863566e+03 5.498440656268339808e+03
5.430187080827487080e+03 5.512475191047242333e+03
5.428265848455067498e+03 5.526553669324910516e+03
5.441802735158723408e+03 5.540719847419410144e+03
5.451527140443236931e+03 5.550986177308418519e+03
5.477771556701715781e+03 5.552688724779985932e+03
5.502067559039550360e+03 5.567956051323980319e+03
5.538958319386843868e+03 5.588815289408820718e+03
5.571773100571756004e+03 5.609564682383546824e+03
5.234771859536234842e+03 5.265594563688129710e+03
5.243663659702044242e+03 5.293465624442409535e+03
5.271552191797183696e+03 5.324019957554428402e+03
5.314258864919476764e+03 5.343493814410725463e+03
5.353510439679659612e+03 5.366705525011655482e+03
5.385800603942243470e+03 5.373243831906982450e+03
5.419802717652795764e+03 5.394194247690946213e+03
5.438649310532784511e+03 5.416171360540104615e+03
5.456012537958789835e+03 5.435228715851426387e+03
5.470536963890911466e+03 5.454448581009304689e+03
5.476469547521165623e+03 5.474181193160615294e+03
5.469014198784137079e+03 5.482833630746625204e+03
5.466783216705744962e+03 5.498946119290236311e+03
5.459826918924199163e+03 5.516010275478516633e+03
5.460177383558700058e+03 5.529913347899046130e+03
5.447642087118382733e+03 5.542852551098955701e+03
5.455168987348634801e+03 5.557721377854180901e+03
5.466518690323441660e+03 5.569891813322006783e+03
5.483052652867288998e+03 5.580398028639387121e+03
5.510387041397179928e+03 5.596818095397813522e+03
5.540245130990265352e+03 5.616338984777661608e+03
5.578093851800545963e+03 5.617779016857777606e+03
5.244952617043596547e+03 5.276130417073380158e+03
5.241235709482101811e+03 5.303890484916475543e+03
5.282813252228359488e+03 5.332880309044929163e+03
5.321995979195598920e+03 5.351042672689500250e+03
5.376039536049676826e+03 5.377247381514063818e+03
5.410362401017300726e+03 5.396190550380371860e+03
5.435874619060170517e+03 5.407761649853542622e+03
5.465408537055298439e+03 5.429191154043938695e+03
5.478126845541612056e+03 5.450355193244445218e+03
5.491913216610691052e+03 5.468360666696323278e+03
5.499364107393427730e+03 5.485009468645924244e+03
5.492648601994054843e+03 5.501367166093690685e+03
5.491361406189123954e+03 5.517848454878895609e+03
5.482010732547751104e+03 5.532889355798883116e+03
5.481792081323939783e+03 5.547447910372013212e+03
5.481005685737756721e+03 5.560149037390217927e+03
5.488569926407185449e+03 5.573964399445075287e+03
5.481271917268916695e+03 5.585771529015786655e+03
5.505545253889884407e+03 5.595098710986069818e+03
5.530426603581288873e+03 5.613758339505771801e+03
5.553660632071769214e+03 5.631806626921907082e+03
5.593249688322348447e+03 5.651314779118873048e+03
5.227106116686598398e+03 5.279619832500859047e+03
5.254217839224689669e+03 5.307761763535152568e+03
5.296213356577269224e+03 5.338014217723019101e+03
5.343782307749070242e+03 5.364650731387615451e+03
5.386688636198827226e+03 5.395134778496891158e+03
5.424918523825732336e+03 5.406422987687357818e+03
5.458855473112080290e+03 5.425220690857042428e+03
5.487526302622429284e+03 5.443316580832839463e+03
5.500569301795982028e+03 5.461337251305841164e+03
5.517943495574367262e+03 5.485004081810505340e+03
5.522600412444015092e+03 5.502926319390441677e+03
5.528345252812719991e+03 5.516739820512658298e+03
5.516582889289377817e+03 5.533132145367030716e+03
5.511758251561152974e+03 5.548196911397613803e+03
5.512393514730702009e+03 5.576959443363319224e+03
5.510258826783197946e+03 5.584900748006106369e+03
5.517468509259549137e+03 5.601091265012239091e+03
5.525317817059743902e+03 5.612978615952609289e+03
5.539584282883779451e+03 5.627780658282626973e+03
5.551417199289697237e+03 5.639411009859042679e+03
5.578570488518411366e+03 5.654749098749879522e+03
5.607940940892671279e+03 5.675366638369935572e+03
5.234124455047363881e+03 5.285019895445320799e+03
5.264275206161204551e+03 5.322186450831984985e+03
5.318010961355521431e+03 5.345549191339101526e+03
5.353935409548910684e+03 5.377668695787535398e+03
5.402381599560916584e+03 5.404013624996090584e+03
5.438368823917991904e+03 5.426740491472417489e+03
5.473558422459786016e+03 5.442188161199599563e+03
5.504063089303501329e+03 5.456266196521453821e+03
5.531873250981345336e+03 5.480120015540021996e+03
5.543292610256776243e+03 5.498867867346139064e+03
5.554667410668675075e+03 5.518722342568948079e+03
5.555440314354871589e+03 5.538984804445887676e+03
5.559900436331930905e+03 5.569210769399765013e+03
5.549107937303835570e+03 5.579149041526778092e+03
5.542208831214806196e+03 5.594975817044472933e+03
5.550935262723444794e+03 5.607212868610133228e+03
5.554507096884514795e+03 5.615223867525580317e+03
5.564797443961821045e+03 5.633627195569350988e+03
5.567258677535883180e+03 5.644308559762996083e+03
5.597620868676773171e+03 5.659571568857760212e+03
5.621392564392965141e+03 5.675704655659007585e+03
5.644434399786664471e+03 5.690207015337960001e+03
5.215381156270374049e+03 5.292728871722822078e+03
5.275860634471024241e+03 5.332493761259287567e+03
5.316720878895235728e+03 5.359448587633549323e+03
5.363095001457006219e+03 5.391765858397686316e+03
5.415031684728073742e+03 5.422184929056433248e+03
5.453959287511132061e+03 5.443671801918790152e+03
5.497347432001093694e+03 5.463521716343355365e+03
5.530041359413893588e+03 5.480358196190799390e+03
5.552875446416643172e+03 5.494613569015321445e+03
5.573359714398789038e+03 5.523235214187688143e+03
5.577323973541116175e+03 5.553733098379640069e+03
5.588223940545532059e+03 5.567202211638655172e+03
5.588110774339664204e+03 5.585015360030110969e+03
5.588485082353228790e+03 5.597926035586890066e+03
5.592019998559918349e+03 5.611831210518197622e+03
5.592230615299126839e+03 5.626073494263666362e+03
5.592141662232026647e+03 5.639096018519740028e+03
5.600699351353843667e+03 5.647697535096102001e+03
5.617938185347956278e+03 5.664812590433910373e+03
5.629428329782362198e+03 5.676246653355348826e+03
5.654685485861089546e+03 5.691921595829032412e+03
5.690081196181063206e+03 5.710064798268682353e+03
5.251731334077252541e+03 5.311714869741719667e+03
5.291926306745410329e+03 5.350379141557543335e+03
5.335029277908393851e+03 5.374454006530977495e+03
5.381715563076022590e+03 5.412989516027862919e+03
5.424714488341847755e+03 5.437843704762404741e+03
5.485034550185246189e+03 5.461161502651673800e+03
5.518429423174671683e+03 5.479141905928714550e+03
5.548512913994012706e+03 5.500915347181760808e+03
5.573249600102984914e+03 5.535644930506876335e+03
5.590690052202045990e+03 5.551411772812532035e+03
5.611217917621431297e+03 5.571779140967337298e+03
5.621324917738822478e+03 5.585178358822269729e+03
5.627112374464026288e+03 5.598999515722714932e+03
5.626490308794835073e+03 5.617513778164746327e+03
5.629661503205904410e+03 5.634406140980163400e+03
5.637518801501447342e+03 5.645637867530824224e+03
5.648777953442130638e+03 5.659368673994065830e+03
5.656946290548843535e+03 5.671824417433437702e+03
5.662691512049226731e+03 5.682887719488362563e+03
5.675358835279792402e+03 5.698951068858472354e+03
5.693242302370117613e+03 5.710201272378762951e+03
5.717064695728056904e+03 5.732343191224976181e+03
5.261905700955159773e+03 5.326877837698535586e+03
5.307188767890838790e+03 5.362592983388100038e+03
5.349222833033380084e+03 5.406349843519003116e+03
5.402271558960852417e+03 5.437163894337909369e+03
5.454339065296808258e+03 5.475638628966036777e+03
5.494715069296542424e+03 5.495383736537427467e+03
5.540358531671206947e+03 5.513325454833719050e+03
5.565902721683867640e+03 5.537147656458330857e+03
5.597961795723884279e+03 5.564851095060939770e+03
5.622992928620642488e+03 5.585990092749984797e+03
5.638038691568279319e+03 5.602576379665862987e+03
5.655175933851963237e+03 5.606630551821733206e+03
5.665022924922406673e+03 5.619330674130989792e+03
5.662441901152544233e+03 5.638818726979614439e+03
5.670636241784068261e+03 5.656571374567492057e+03
5.677238794753815455e+03 5.668589864671301257e+03
5.688843575898031304e+03 5.679783005868061082e+03
5.700732198880772557e+03 5.692525943267915864e+03
5.717149345532885491e+03 5.708219044250592560e+03
5.732807420581008046e+03 5.720954486423930575e+03
5.745007562582618448e+03 5.733553901394150671e+03
5.764000293426532153e+03 5.755307071559596807e+03
5.280355512784562961e+03 5.336277200833328607e+03
5.327209594669531725e+03 5.389253249687977586e+03
5.369728090607759441e+03 5.429250848267543915e+03
5.430609407806638046e+03 5.459325954642570650e+03
5.479411274670363127e+03 5.496663274207996437e+03
5.519873452380665185e+03 5.526363142856162085e+03
5.557153341191808067e+03 5.547319577818923790e+03
5.588556921993045762e+03 5.566065408609402766e+03
5.615945428900955449e+03 5.587553528912052570e+03
5.641599801937167285e+03 5.608184179733218116e+03
5.661458429362455718e+03 5.630012735809207697e+03
5.681573592447260125e+03 5.646137649459910790e+03
5.699776338651368860e+03 5.657048662983339455e+03
5.706916507999636451e+03 5.676114668799836181e+03
5.709203701633397031e+03 5.685897387073584468e+03
5.717142775586993594e+03 5.698053691981310294e+03
5.731512052049613885e+03 5.713385388633672846e+03
5.740952927695940161e+03 5.721887547113821711e+03
5.756290272110538353e+03 5.736693431947462159e+03
5.772482188636562569e+03 5.747581496234286533e+03
5.791097545702445132e+03 5.760514960383076868e+03
5.798217566614532188e+03 5.772750356930366252e+03
5.304714352929808229e+03 5.364480558112501967e+03
5.353953945229539386e+03 5.409210089977928874e+03
5.400471484619010880e+03 5.443677560759445441e+03
5.455047507936988040e+03 5.478455373574020996e+03
5.499438449618446612e+03 5.510948173719465558e+03
5.542313081439995585e+03 5.547659366356871033e+03
5.577894515678590324e+03 5.569236327635911948e+03
5.606254658580597606e+03 5.592858225632948233e+03
5.634282034025291068e+03 5.612324014001998876e+03
5.663641119663598147e+03 5.630671274705644464e+03
5.681505284098499033e+03 5.653981674234962156e+03
5.704322826738198273e+03 5.674277510294798958e+03
5.720254787164527443e+03 5.686007799639965015e+03
5.734943624457306214e+03 5.699370710500831592e+03
5.739445010875081607e+03 5.714792666018498494e+03
5.755781114047997107e+03 5.724613298494048649e+03
5.773521237693090370e+03 5.733814499441587031e+03
5.787690485245531818e+03 5.741364039516796765e+03
5.810291043109767088e+03 5.757227927236712276e+03
5.825018169727616623e+03 5.769111543462206100e+03
5.839335890477414068e+03 5.780263781101746645e+03
5.849310187201957888e+03 5.794821139633793791e+03
5.324322781390086675e+03 5.375692223306032247e+03
5.374313768628015168e+03 5.421176068789059173e+03
5.418486113234657751e+03 5.456858908176696787e+03
5.478352972817410773e+03 5.496064738742486952e+03
5.520991700314889385e+03 5.532364136268064613e+03
5.559777696196519173e+03 5.565102465773160475e+03
5.597324501233028059e+03 5.584901090104714058e+03
5.626098391052916668e+03 5.610080877296176368e+03
5.653433798112804652e+03 5.634079341392892275e+03
5.677455636144628443e+03 5.653504564554978060e+03
5.705590455153731455e+03 5.673930423907037948e+03
5.723818800517592535e+03 5.695392516204266940e+03
5.740519471650110063e+03 5.710802092983991315e+03
5.762745621817995925e+03 5.722278071769113012e+03
5.772663657159912873e+03 5.739854642257771047e+03
5.785294802550992245e+03 5.753532864047750081e+03
5.805442386398474810e+03 5.765819785609560313e+03
5.823135233289973257e+03 5.774551743799018368e+03
5.843770009507097711e+03 5.785614105489763460e+03
5.858844503202457418e+03 5.799559797694052577e+03
5.875151661204408811e+03 5.810635453049232638e+03
5.884372225393846747e+03 5.811373212714629517e+03
5.345368700952010840e+03 5.384324967979213397e+03
5.392326860597604536e+03 5.426591523854107436e+03
5.455099439961231838e+03 5.465288383493039873e+03
5.498050933324591824e+03 5.505631188667330207e+03
5.537837627628146947e+03 5.545916885330329023e+03
5.579841189054461211e+03 5.582362266230339628e+03
5.612405212096926334e+03 5.604913963515506111e+03
5.643749617675758600e+03 5.628800439233424186e+03
5.672607198940096168e+03 5.651174230079523113e+03
5.694190631302463771e+03 5.676402221840023230e+03
5.714941956639307136e+03 5.694838829823842389e+03
5.738773745851662170e+03 5.715759796575820474e+03
5.764831279731679388e+03 5.739367206320392143e+03
5.783385247759490085e+03 5.746180665113492978e+03
5.794595350080527169e+03 5.763356790495501627e+03
5.816110980942540664e+03 5.777852822100978301e+03
5.830054299708804137e+03 5.791934400952361102e+03
5.846804265945109364e+03 5.804925058525539498e+03
5.867441815278687500e+03 5.814289205444660183e+03
5.880765083348496773e+03 5.828648414237510224e+03
5.906012502022795161e+03 5.830504116082086512e+03
5.919744674919424142e+03 5.838175216834326420e+03
5.367832651246715614e+03 5.394661478357093984e+03
5.431684170490965698e+03 5.434545701972401730e+03
5.475645741135755088e+03 5.477014166370981911e+03
5.517353255349513347e+03 5.518604254918522201e+03
5.556882065107278322e+03 5.556530941705586883e+03
5.592420166027769483e+03 5.593045951395187330e+03
5.627819044850302816e+03 5.620743041636286762e+03
5.656902832636164931e+03 5.645704086644453128e+03
5.686407164725532311e+03 5.673810730702101864e+03
5.711924162084827913e+03 5.698818070883505243e+03
5.735004467419267712e+03 5.726162707099607360e+03
5.754062148242983312e+03 5.745275794216538088e+03
5.779004649309823435e+03 5.757557084993029093e+03
5.795499688143265303e+03 5.769623859797620753e+03
5.817087072583640293e+03 5.779012098392573535e+03
5.826061553233530503e+03 5.796472571812796559e+03
5.844197386042000289e+03 5.809180622703797781e+03
5.859005339053142961e+03 5.827508527162549399e+03
5.877367103811024208e+03 5.840879935254314660e+03
5.898047012167018693e+03 5.843292562801189888e+03
5.919156258290702681e+03 5.855221423582801435e+03
5.919424413058812206e+03 5.861256011973969180e+03
5.402088453589549317e+03 5.399784641312096937e+03
5.451003403296454053e+03 5.441251088666064788e+03
5.495437583563811131e+03 5.488473459576149253e+03
5.537860109283750717e+03 5.530633768485778091e+03
5.575052013223656104e+03 5.569883302798372824e+03
5.610978440449522168e+03 5.605478421311782768e+03
5.643470543347030798e+03 5.636254027213820336e+03
5.676025551304978762e+03 5.661764301666376014e+03
5.699086117961699529e+03 5.686897794228822022e+03
5.723920279975161975e+03 5.715592483983638886e+03
5.744984048628650271e+03 5.740895657065821979e+03
5.765527241490181041e+03 5.761088257079534742e+03
5.784669405123704564e+03 5.780451702546793967e+03
5.808905005091826752e+03 5.790785656784457387e+03
5.830263764922702649e+03 5.799319612650831914e+03
5.843343761157876543e+03 5.814503071361380535e+03
5.856201846365031088e+03 5.825838827467319788e+03
5.877920492708853089e+03 5.845591402621750603e+03
5.897445881069335883e+03 5.852424280439168797e+03
5.904284611322655110e+03 5.860942952155788589e+03
5.925793257842131425e+03 5.866597950709918223e+03
5.942175355413026409e+03 5.873752808112112689e+03
5.418127491179375284e+03 5.411767980719369916e+03
5.468015245615266394e+03 5.453425496597986239e+03
5.509123477076193012e+03 5.494887329445537944e+03
5.549749905573602518e+03 5.535238888006329034e+03
5.590207277013116254e+03 5.574008502137779942e+03
5.625251210404038829e+03 5.612174417520407587e+03
5.656773213822461003e+03 5.649559259329784254e+03
5.685051704349603824e+03 5.675803617026505890e+03
5.710900601391988857e+03 5.700226028209736796e+03
5.735459394442037592e+03 5.729397206030234884e+03
5.756513547148975704e+03 5.753600000571764213e+03
5.774266792641725260e+03 5.775827051675360053e+03
5.793894357621258678e+03 5.796358051241568319e+03
5.810152684215695444e+03 5.807692999167622474e+03
5.826688463600506111e+03 5.822587799812731646e+03
5.847339680088759451e+03 5.842928342015576163e+03
5.862203604104631268e+03 5.850693845898128529e+03
5.877815516610247869e+03 5.864306364804291661e+03
5.895257794364375513e+03 5.865808642072162911e+03
5.915638259090504107e+03 5.874956411490171376e+03
5.934926204232760938e+03 5.887004375135760711e+03
5.909428023309345008e+03 5.889156729954844195e+03
5.431525934354847777e+03 5.416669468595731814e+03
5.480171408059101850e+03 5.458354921889253092e+03
5.522689511471053265e+03 5.501158475639263997e+03
5.563995892301631102e+03 5.538621828897033993e+03
5.600388849159568053e+03 5.577359543442305949e+03
5.634156676795215390e+03 5.622240778889359717e+03
5.665135658762948879e+03 5.658498652928670708e+03
5.692855818013531461e+03 5.690081600826310023e+03
5.716840150394084048e+03 5.713026288253786333e+03
5.740573518048207916e+03 5.737505294738337398e+03
5.760311822550509532e+03 5.763537223255892968e+03
5.780652406023520598e+03 5.787883107704585200e+03
5.798167257109405909e+03 5.811394554392363716e+03
5.814388620129770061e+03 5.823846329668153885e+03
5.832747420836845777e+03 5.838482730524193357e+03
5.847261429838559707e+03 5.857390712626463937e+03
5.861595547526096198e+03 5.871544848624547740e+03
5.873377848258893209e+03 5.872363741697685327e+03
5.884387924096154165e+03 5.882684713468092923e+03
5.895518692867444770e+03 5.894461846135318410e+03
5.906616214554356702e+03 5.908697989040893845e+03
5.913158298424488748e+03 5.911901127129545785e+03
5.444590862101124003e+03 5.420344752479250019e+03
5.493250971449209828e+03 5.462171984265882202e+03
5.535815198917156522e+03 5.506548078248350066e+03
5.571171309226514495e+03 5.552391062261682237e+03
5.606027512530345120e+03 5.589479240887561900e+03
5.639102832147376830e+03 5.625499643440303771e+03
5.671162379829751444e+03 5.659276387868510938e+03
5.698565154970410731e+03 5.693554571411244979e+03
5.719382678315252633e+03 5.723504712525380455e+03
5.743461570107583611e+03 5.747485996779119887e+03
5.763064434981144586e+03 5.776899123078379489e+03
5.781366320441502467e+03 5.800199282759715061e+03
5.799585186540702125e+03 5.814889944283062505e+03
5.817787680930297938e+03 5.832894157284552421e+03
5.835259848072102614e+03 5.849540466289337928e+03
5.849643677693873542e+03 5.866568771823111092e+03
5.863010102190957696e+03 5.876422627489951992e+03
5.875463739342545523e+03 5.889982083633216462e+03
5.885194903719249851e+03 5.902681557796640845e+03
5.888192175582429627e+03 5.909485113115768399e+03
5.870675486785068642e+03 5.917302889025519107e+03
5.846395842916681431e+03 5.922304126608918523e+03
5.462863384955991933e+03 5.425279833715689165e+03
5.503794606571063923e+03 5.479969661116832867e+03
5.539734157413367939e+03 5.518338862592238002e+03
5.577497329227295268e+03 5.555854935267714609e+03
5.613593541756086779e+03 5.592212883240546944e+03
5.644762684869188888e+03 5.627034212757618661e+03
5.672323252215499451e+03 5.669160356615873752e+03
5.693528054774167686e+03 5.708538136886127177e+03
5.716984439018462581e+03 5.737967114981507621e+03
5.740673707373527577e+03 5.760096482772296440e+03
5.763666944333584979e+03 5.782296979895952973e+03
5.781307004552778380e+03 5.798300987811024243e+03
5.795488517989706452e+03 5.820667994718471164e+03
5.821077889071471873e+03 5.839041322195898829e+03
5.835621190160389233e+03 5.858695917878543696e+03
5.849318493826402118e+03 5.876409375191940853e+03
5.862139251819957281e+03 5.885422519418927550e+03
5.872254625537310858e+03 5.898479881268958707e+03
5.879619745511343353e+03 5.909804593910790572e+03
5.878979331972514046e+03 5.917741050872753476e+03
5.875126769290043740e+03 5.928387175354739156e+03
5.812013026448199525e+03 5.927661850054479146e+03
5.474506602581212064e+03 5.443103431929004728e+03
5.507938811124891799e+03 5.482784572352124087e+03
5.545169674151075014e+03 5.521070152227192011e+03
5.578207026330906956e+03 5.557053380418459710e+03
5.613635592413837003e+03 5.591679241909623670e+03
5.642420794661298714e+03 5.639888804810609145e+03
5.668403564326581545e+03 5.681171050619002926e+03
5.688121429830338457e+03 5.713983447755839734e+03
5.710923901396574365e+03 5.744285632576582429e+03
5.733560058660761570e+03 5.771397019819218258e+03
5.755989885399645573e+03 5.789535569489597037e+03
5.776593569541291799e+03 5.804151221284268104e+03
5.793149851598267560e+03 5.823776045061389596e+03
5.815134537882346194e+03 5.846202781463114661e+03
5.840343257930915570e+03 5.862697233287208292e+03
5.852159385264953016e+03 5.879369329210569049e+03
5.864229836944345152e+03 5.892794703174435199e+03
5.873359245869760343e+03 5.904964725546567934e+03
5.880231817598811176e+03 5.916050719830196613e+03
5.881017453988322814e+03 5.926254662666033255e+03
5.877640395047870697e+03 5.933436782029519236e+03
5.830645775218261406e+03 5.941133580327894379e+03
