0.000000000000000000e+00
0.000000000000000000e+00
3.333333333333333148e-01
3.320000000000000173e-01
7.130555555555555536e-01
7.100016222222222950e-01
1.104456976648233724e+00
1.099694816554074750e+00
1.463184822544667085e+00
1.457271834290438051e+00
1.739996292652652876e+00
1.734094255629536008e+00
1.887899617213303793e+00
1.883697812726116361e+00
1.870703245818031268e+00
1.870178321626266182e+00
1.671188109715494141e+00
1.676218711835833153e+00
1.296635628939084128e+00
1.308547708186905023e+00
7.796420763632285755e-01
7.988103625958709042e-01
1.732122759906477016e-01
1.988568812906054140e-01
-4.591310751317189132e-01
-4.288574331601585632e-01
-1.055672520284115956e+00
-1.023308267280859329e+00
-1.567670861681505157e+00
-1.535896142998429248e+00
-1.966135686700515972e+00
-1.937239496793328630e+00
-2.242707695114884547e+00
-2.218249838522569295e+00
-2.405415506035781803e+00
-2.386167380569658381e+00
-2.471761580239926204e+00
-2.457886464467435417e+00
-2.461931800865080788e+00
-2.453281088815117528e+00
-2.394045117477188178e+00
-2.390436180471666727e+00
-2.282013670665144822e+00
-2.283402291532809159e+00
-2.135528885220769002e+00
-2.142053259249499408e+00
-1.961245879291796612e+00
-1.973166949405067649e+00
-1.764298879042741852e+00
-1.781882871885927644e+00
-1.549573094879549418e+00
-1.572962350919585361e+00
-1.322469157069414036e+00
-1.351576664036383546e+00
-1.089128083597016072e+00
-1.123576893683294609e+00
-8.562229446939995103e-01
-8.953378040754358391e-01
-6.304850291982588839e-01
-6.733320007349904435e-01
-4.181391416041094766e-01
-4.636008510966209140e-01
-2.243934943729490872e-01
-2.712634488997157645e-01
-5.308083931914892029e-02
-1.001599902168646139e-01
9.350648285397303305e-02
4.732488495236356063e-02
2.145922355228623846e-01
1.702586799532212203e-01
3.107405753693592843e-01
2.690101507086527510e-01
3.835832766867606214e-01
3.450006837861627762e-01
4.355057742830414913e-01
4.004106026547589736e-01
4.693389647864549818e-01
4.378856813465878961e-01
4.880895030625422293e-01
4.602763096056995962e-01
4.947263730192847375e-01
4.704277568789394515e-01
4.920288023335182559e-01
4.710277841617745431e-01
4.824915297388484015e-01
4.645089264246505811e-01
4.682781605776453748e-01
4.529973760480889289e-01
4.512112369160769521e-01
4.382980381311912255e-01
4.327877714411822452e-01
4.219051663083617232e-01
4.142104303314654845e-01
4.050291638208814993e-01
3.964265605102970103e-01
3.886319390379319727e-01
3.801693345174964045e-01
3.734651372593618124e-01
3.659971381536150647e-01
3.601073315688566034e-01
3.543288214180416174e-01
3.489977022220380753e-01
3.454735490356469763e-01
3.404648308645027988e-01
3.396547608406152441e-01
3.347500096236870060e-01
3.370282493204470597e-01
3.320249723116530660e-01
3.376946523096868158e-01
3.324042604418459557e-01
3.417068078623287652e-01
3.359526016063637543e-01
3.490724795180105700e-01
3.426877538070060014e-01
3.597529753398039931e-01
3.525792975720091760e-01
3.736581840737451254e-01
3.655438688403275238e-01
3.906385581378816751e-01
3.814373415547033797e-01
4.104746000007626350e-01
4.000445043414622703e-01
4.328644639921930826e-01
4.210668393659626751e-01
4.574103729504260807e-01
4.441091073553246615e-01
4.836046674142281399e-01
4.686655705445447184e-01
5.108164496302192159e-01
4.941068407164302401e-01
5.382799473355367459e-01
5.196685147070312372e-01
5.650858918428426358e-01
5.444429434621904651e-01
5.901773674991998009e-01
5.673756586457505691e-01
6.123517292584019778e-01
5.872681361541208789e-01
6.302702850087948949e-01
6.027886902778977207e-01
6.424774825474184325e-01
6.124933465344293282e-01
6.474313117219858693e-01
6.148585163182077595e-01
6.435465156884750959e-01
6.083271738356238467e-01
6.292519877881566082e-01
5.913699965049959983e-01
6.030633976615408232e-01
5.625625532183852195e-01
5.636716228697841169e-01
5.206790839860078179e-01
5.100469317204396891e-01
4.648026719646779492e-01
4.415580240851304517e-01
3.944506098985468001e-01
3.581039216594316676e-01
3.097124296814620648e-01
2.602552118848482365e-01
2.113962924777181285e-01
1.493991692510069358e-01
1.011771030394126303e-01
2.788066900633792700e-02
-1.826331205807224523e-02
-1.008725472513180010e-01
-1.431174288155124263e-01
-2.322558449319075680e-01
-2.683726983097025065e-01
-3.604453354972999013e-01
-3.877948514736672125e-01
-4.784327422307325661e-01
-4.940021664405419566e-01
-5.781676710144099118e-01
-5.786631301618504475e-01
-6.508401653265205589e-01
-6.328512815779286926e-01
-6.873351176900909243e-01
-6.475872129646985664e-01
-6.788820421999766097e-01
-6.145857118438703415e-01
-6.179057775079997983e-01
-5.272027015645553982e-01
-4.990531686652479593e-01
-3.815396837954131981e-01
-3.203266459462196236e-01
-1.776129148179059758e-01
-8.420039195554954170e-02
7.956488117678223171e-02
2.014634576706589020e-01
3.791998831510487444e-01
5.229273829063665335e-01
7.044764946866650668e-01
8.607615469833711508e-01
1.033101010038951717e+00
1.190895243001143911e+00
1.338796884708302271e+00
1.486616955265035234e+00
1.593767025846143603e+00
1.721413059072281593e+00
1.771919194160427313e+00
1.872302642420042851e+00
1.852407205365249165e+00
1.923112928099259156e+00
1.822846436125500791e+00
1.867027195093337255e+00
1.681501168645455291e+00
1.707795442755251747e+00
1.437873824917812460e+00
1.459250030249581442e+00
1.111452000457316736e+00
1.143162840454338358e+00
7.288097265686498405e-01
7.858970595474850107e-01
3.196752586864503032e-01
4.146001578290847145e-01
-8.717727451534318384e-02
5.374970983447979744e-02
-4.673677912460216244e-01
-2.773139119377294737e-01
-8.030933211128241656e-01
-5.655712499863956300e-01
-1.083857111274429963e+00
-8.042880780152796838e-01
-1.305925152452356963e+00
-9.920865619596311857e-01
-1.470937872674036528e+00
-1.131553832197605525e+00
-1.584173248154684854e+00
-1.227778998921478459e+00
-1.652877463671488911e+00
-1.287085875768184451e+00
-1.684921973085580671e+00
-1.316087293020404392e+00
-1.687883769654899169e+00
-1.321073898782486378e+00
-1.668525114425689182e+00
-1.307683344081279397e+00
-1.632584203549698465e+00
-1.280770718621940807e+00
-1.584770874997300627e+00
-1.244404132981178357e+00
-1.528873731050348628e+00
-1.201925916511134673e+00
-1.467910008958473567e+00
-1.156039495016692342e+00
-1.404275527403264778e+00
-1.108898893999571200e+00
-1.339873160532136120e+00
-1.062189934759946608e+00
-1.276212806041112646e+00
-1.017199664938183812e+00
-1.214484294397836006e+00
-9.748744372809712289e-01
-1.155608618888343653e+00
-9.358685438112434030e-01
-1.100273832645381811e+00
-9.005854666946350173e-01
-1.048961271063672207e+00
-8.692133636012588926e-01
-1.001966357646956407e+00
-8.417558215125895416e-01
-9.594167366249255480e-01
-8.180584252589202521e-01
-9.212891745530972232e-01
-7.978313837142597675e-01
-8.874257226175092939e-01
-7.806683392376380093e-01
-8.575490472403792808e-01
-7.660615155386197861e-01
-8.312765677097304629e-01
-7.534134851561247181e-01
-8.081330070203273097e-01
-7.420460144030983640e-01
-7.875610844830760460e-01
-7.312066365127096734e-01
-7.689302860650699678e-01
-7.200737902705278692e-01
-7.515438882751437344e-01
-7.077615282224354321e-01
-7.346446485224640277e-01
-6.933249373244483316e-01
-7.174197883476360893e-01
-6.757675184439632110e-01
-6.990060746334260111e-01
-6.540518299708052430e-01
-6.784959418538133447e-01
-6.271147009829717289e-01
-6.549456907410873274e-01
-5.938882415232671352e-01
-6.273868386998886493e-01
-5.533276972712287689e-01
-5.948416744957215618e-01
-5.044468862642699225e-01
-5.563439697023476738e-01
-4.463614907742197713e-01
-5.109656043878978426e-01
-3.783398398608688873e-01
-4.578495559139130200e-01
-2.998600046069327396e-01
-3.962492617262110550e-01
-2.106710598375581001e-01
-3.255737918529142960e-01
-1.108552974181558209e-01
-2.454375609650288614e-01
-8.871007192670365971e-04
-1.557125006646947196e-01
1.183167575176801573e-01
-5.657975429218643770e-02
2.453612809963473529e-01
5.142286663159804927e-02
3.783579298520321488e-01
1.673620995933229882e-01
5.149353657367850001e-01
2.898839475615661021e-01
6.522805231846235952e-01
4.172066856582394845e-01
7.872121549091193327e-01
5.471363658447329081e-01
9.162861603894717488e-01
6.771078206649308040e-01
1.035928697413925459e+00
8.042523403720742703e-01
1.142589694990441496e+00
9.254908589172985423e-01
1.232906433864652485e+00
1.037648855093313838e+00
1.303864856985657461e+00
1.137586578330595399e+00
1.352945648162673375e+00
1.222336027823280880e+00
1.378243110729542531e+00
1.289234729009187008e+00
1.378547457325643100e+00
1.336046062211239116e+00
1.353384964952642822e+00
1.361056849810033720e+00
1.303014992689549345e+00
1.363145043962862735e+00
1.228387407069560844e+00
1.341813411190880823e+00
1.131067827581613283e+00
1.297188650133804133e+00
1.013140757477332565e+00
1.229988885585948877e+00
8.771018154760651386e-01
1.141465453321115708e+00
7.257499237899878164e-01
1.033326937089290132e+00
5.620886735921027944e-01
9.076543317320948656e-01
3.892435780585269955e-01
7.668159751179050021e-01
2.103989900565273741e-01
6.133896824592178776e-01
2.875552404704093123e-02
4.500976123117487182e-01
-1.524938030919549548e-01
2.797571212084545289e-01
-3.301726180733149940e-01
1.052485282583418003e-01
-5.011208692506188278e-01
-7.050145117567954700e-02
-6.621915453234121784e-01
-2.445236829460492312e-01
-8.102512738956166860e-01
-4.138025312959328073e-01
-9.421915777860569996e-01
-5.752692911143466592e-01
-1.054957023234502023e+00
-7.257993707107257553e-01
-1.145595433193949297e+00
-8.622197416041949003e-01
-1.211333688186429169e+00
-9.813330491003524614e-01
-1.249680312325275544e+00
-1.079964179898415644e+00
-1.258552991392058784e+00
-1.155033894846593245e+00
-1.236425433686642039e+00
-1.203662215237954136e+00
-1.182483760920539861e+00
-1.223301472981895399e+00
-1.096778318692166465e+00
-1.211895245477649707e+00
-9.803530776750961628e-01
-1.168054890274716096e+00
-8.353325187314705191e-01
-1.091240394493985688e+00
-6.649460091875183387e-01
-9.819273681874162163e-01
-4.734730134268096968e-01
-8.417381452568076794e-01
-2.660994614470145736e-01
-6.735132375713903663e-01
-4.868594347191310123e-02
-4.813009751558520177e-01
1.725390776741937138e-01
-2.702489368910085954e-01
3.913352145306507879e-01
-4.639095154425226797e-02
6.018193428434828185e-01
1.836627605321629608e-01
7.988071239249886490e-01
4.131092890200717127e-01
9.780878314077416924e-01
6.353734180911517759e-01
1.136602423556320351e+00
8.445180539960630561e-01
1.272509315771964244e+00
1.035596091590211376e+00
1.385139319388514201e+00
1.204902010604021800e+00
1.474857023048127491e+00
1.350096414706035919e+00
1.542857233895909896e+00
1.470196657216113589e+00
1.590930056254620473e+00
1.565447198690009811e+00
1.621226630019560133e+00
1.637099874342705652e+00
1.636050919323815078e+00
1.687143544445436349e+00
1.637693580838909035e+00
1.718023543129444830e+00
1.628314288544008948e+00
1.732385048632893998e+00
1.609870826427719059e+00
1.732863653681218530e+00
1.584087789008721048e+00
1.721934211888104249e+00
1.552455012938943391e+00
1.701818197258517351e+00
1.516245461944923489e+00
1.674442005911736864e+00
1.476543473822717667e+00
1.641434360288128724e+00
1.434276298756393730e+00
1.604149853724123886e+00
1.390244097587163941e+00
1.563706813997593814e+00
1.345145613384114203e+00
1.521030075305849882e+00
1.299598361241146582e+00
1.476892081260558598e+00
1.254153332660429498e+00
1.431948407080704033e+00
1.209304913700270490e+00
1.386765961317472984e+00
1.165497053335606159e+00
1.341843691220250490e+00
1.123126790246617324e+00
1.297626596189277892e+00
1.082546147758978616e+00
1.254514350662414124e+00
1.044063217027953794e+00
1.212865978110537091e+00
1.007943026818945764e+00
1.173001924794742523e+00
9.744085839138606486e-01
1.135204659184899656e+00
9.436422842566296598e-01
1.099718648629748552e+00
9.157877517790468103e-01
1.066750292125550281e+00
8.909520609684173920e-01
1.036468148555566682e+00
8.692082367658777731e-01
1.009003608736088742e+00
8.505978946307323207e-01
9.844520205651917655e-01
8.351338769668413820e-01
9.628741857758221778e-01
8.228027522804972627e-01
9.442980965822802553e-01
8.135670641128195379e-01
9.287207617645726332e-01
8.073672429316685051e-01
9.161099755079269435e-01
8.041231220547013780e-01
9.064059007472596852e-01
8.037350257605403447e-01
8.995223655136987961e-01
8.060844224531191760e-01
8.953478010847994994e-01
8.110341572393924281e-01
8.937457812965252657e-01
8.184282962504738634e-01
8.945551510893814395e-01
8.280916295072768829e-01
8.975897580761029726e-01
8.398288903238354530e-01
9.026378231514329276e-01
8.534237574638852131e-01
9.094610048833192684e-01
8.686377118501047434e-01
9.177932278709974856e-01
8.852088228880709009e-01
9.273393578188697806e-01
9.028505407019449258e-01
9.377738162139148681e-01
9.212505700646173024e-01
9.487392356934647442e-01
9.400698998271147522e-01
9.598452639503807227e-01
9.589420585333513491e-01
9.706676298718988072e-01
9.774726630398044014e-01
9.807475911265159940e-01
9.952393228398952463e-01
9.895918882623095936e-01
1.011791959041140165e+00
9.966733373321015055e-01
1.026653594323684304e+00
1.001432202015173356e+00
1.039321669631493084e+00
1.003278498186344736e+00
1.049269945854948149e+00
1.001595400010833137e+00
1.055951055500174096e+00
9.957439380640792370e-01
1.058799781500239456e+00
9.850692077458133022e-01
1.057237159075594013e+00
9.689083411632077869e-01
1.050675522938894213e+00
9.466005379586737156e-01
1.038524656948088820e+00
9.174994996360545940e-01
1.020199246899057943e+00
8.809886658349229682e-01
9.951278892271395726e-01
8.364997058149569176e-01
9.627639677404333796e-01
7.835347675441969306e-01
9.225987746316325344e-01
7.216930200255942118e-01
8.741773166470916401e-01
6.507020269454185657e-01
8.171173058197447325e-01
5.704544406097299403e-01
7.511318768985647543e-01
4.810503766208418797e-01
6.760565868695480596e-01
3.828455859989080001e-01
5.918812171469198802e-01
2.765051383086344350e-01
4.987867915436697830e-01
1.630617152452806251e-01
3.971880116344307932e-01
4.397673324850566445e-02
2.877809570898606784e-01
-7.879868736533644780e-02
1.715953570337653278e-01
-2.027674496745598132e-01
5.004996057482326288e-02
-3.248413724181887230e-01
-7.499152693876119657e-02
-4.413159517523613795e-01
-2.011678566621190045e-01
-5.478760900308543569e-01
-3.255766224399406217e-01
-6.396461433741257308e-01
-4.447472414418968678e-01
-7.112992704119456278e-01
-5.546403102476965552e-01
-7.572413641727606670e-01
-6.506851974114953308e-01
-7.718828893395036639e-01
-7.278693300220329121e-01
-7.500066498327535580e-01
-7.808931495442302806e-01
-6.872298301975595658e-01
-8.044033605248992469e-01
-5.805439015971756156e-01
-7.933129393224549464e-01
-4.288963171182416101e-01
-7.432084696296827886e-01
-2.337549333025963627e-01
-6.508330464229565848e-01
4.266493189213904635e-04
-5.146162154074654937e-01
2.659413841223755015e-01
-3.352023211394171698e-01
5.518605846390267633e-01
-1.159079939697989226e-01
8.444493885062327454e-01
1.369770222461660081e-01
1.128006207793144089e+00
4.141376404923440280e-01
1.386097388998882129e+00
7.035107439909542570e-01
1.603073442585693620e+00
9.909397541516915542e-01
1.765671356248815105e+00
1.261198043702144833e+00
1.864453337475607819e+00
1.499300214712035340e+00
1.894828809997330721e+00
1.691945778135036660e+00
1.857465131838037742e+00
1.828883958250500541e+00
1.758005664165688708e+00
1.903972117686722587e+00
1.606153768762537126e+00
1.915736763247674057e+00
1.414308355926833016e+00
1.867333197731154693e+00
1.196013803381253293e+00
1.765917941601676144e+00
9.644948034063629549e-01
1.621564749033332475e+00
7.314897315548256618e-01
1.445936905962190044e+00
5.064996963133645558e-01
1.250953832588202808e+00
2.964680235178034362e-01
1.047656972110847295e+00
1.058246868070243374e-01
8.454056887818367505e-01
-6.321364392701617207e-02
6.514457884745141758e-01
-2.102052194061234114e-01
4.708172432666796747e-01
-3.360061793660459317e-01
3.065195820354685297e-01
-4.423247885202947205e-01
1.598364169751708141e-01
-5.313461272452606465e-01
3.072826840380776803e-02
-6.054414732643442765e-01
-8.177544828131118326e-02
-6.669598416706560284e-01
-1.792287785904811415e-01
-7.180900296623230483e-01
-2.634867190409182491e-01
-7.607781294881718059e-01
-3.364920047428180960e-01
-7.966856896434381108e-01
-4.001251866105253741e-01
-8.271757586123923423e-01
-4.561071077994723888e-01
-8.533167380405740632e-01
-5.059416350801823059e-01
-8.758966145956293969e-01
-5.508873521169403986e-01
-8.954424138749631501e-01
-5.919487483779165560e-01
-9.122415349754696701e-01
-6.298795259878365860e-01
-9.263630078792055578e-01
-6.651926141929571656e-01
-9.376777414801202859e-01
-6.981731653863477716e-01
-9.458775789173762272e-01
-7.288921739299489833e-01
-9.504935185373335482e-01
-7.572194380285645066e-01
-9.509138450258518560e-01
-7.828354271674504705e-01
-9.464031793513276725e-01
-8.052422758745138021e-01
-9.361236149544656104e-01
-8.237746425128668060e-01
-9.191591641613278130e-01
-8.376115798243344290e-01
-8.945446853721552571e-01
-8.457908776182251342e-01
-8.613002831264239267e-01
-8.472275578729042689e-01
-8.184718514156908986e-01
-8.407383144794298158e-01
-7.651779494922420488e-01
-8.250736663457349795e-01
-7.006625515776579993e-01
-7.989593951490671087e-01
-6.243524066043812937e-01
-7.611484230293098507e-01
-5.359168156001797856e-01
-7.104836077071201572e-01
-4.353266488888579699e-01
-6.459709620612587022e-01
-3.229084856077350518e-01
-5.668615381113293328e-01
-1.993890015668059457e-01
-4.727386911748650555e-01
-6.592432036932832640e-02
-3.636057583123751824e-01
7.589085642812534727e-02
-2.399675178024897049e-01
2.240387710764802087e-01
-1.028973891024331511e-01
3.761217320676158438e-01
4.591850939663319475e-02
5.294336003236543853e-01
2.041692770375174992e-01
6.810576690236984643e-01
3.689467217519091236e-01
8.279859796652250248e-01
5.368174383258560445e-01
9.672522826167881949e-01
7.039405755717846880e-01
1.096068631098302992e+00
8.662274524203037451e-01
1.211954423499194133e+00
1.019533793399829191e+00
1.312846880730183630e+00
1.159870334164511130e+00
1.397183549929965185e+00
1.283613822048222941e+00
1.463950293752742216e+00
1.387698842121027010e+00
1.512691945195741905e+00
1.469771969968682646e+00
1.543486806545585344e+00
1.528293544516966085e+00
1.556889827938612525e+00
1.562578374475559917e+00
1.553852083256516581e+00
1.572773968441529613e+00
1.535625728647055821e+00
1.559782167172893974e+00
1.503663888630473400e+00
1.525136128554769099e+00
1.459524010805434813e+00
1.470848542298375250e+00
1.404781481857816150e+00
1.399248296508330824e+00
1.340958107221269513e+00
1.312821689922182289e+00
1.269467816898774748e+00
1.214071240045971445e+00
1.191579982757827061e+00
1.105400994228331824e+00
1.108399212987570159e+00
9.890328597383162279e-01
1.020859501901997257e+00
8.669545344351891059e-01
9.297301335309320347e-01
7.408965926860415774e-01
8.356306759353376856e-01
6.123343389121291835e-01
7.390526399318342321e-01
4.825091318458943346e-01
6.403857885684589579e-01
3.524638051604273015e-01
5.399475657647850868e-01
2.230872974916506823e-01
4.380145818555771231e-01
9.516439093341083622e-02
3.348554934728340537e-01
-3.057268109292057834e-02
2.307649098961183087e-01
-1.533932197202679815e-01
1.260981280101043933e-01
-2.725195129881485823e-01
2.130653339932048196e-02
-3.870822696941204066e-01
-8.302659906903002429e-02
-4.960814319389846294e-01
-1.861504184687699792e-01
-5.983538639592247410e-01
-2.871118288321342638e-01
-6.925496906776230643e-01
-3.847232753504640224e-01
-7.771194500506848346e-01
-4.775350909714463632e-01
-8.503146500082918724e-01
-5.638152891200539640e-01
-9.102046843221798245e-01
-6.415405374982261488e-01
-9.547132400370688110e-01
-7.084028890576838933e-01
-9.816771778092501233e-01
-7.618375585674428407e-01
-9.889302257578714839e-01
-7.990774428662549278e-01
-9.744125383911974581e-01
-8.172399595852254395e-01
-9.363051064170975213e-01
-8.134508443062778982e-01
-8.731851065290801017e-01
-7.850075000721116192e-01
-7.841946281540517205e-01
-7.295810683247039297e-01
-6.692110714981746034e-01
-6.454514360163861042e-01
-5.290033793182811195e-01
-5.317629903485483478e-01
-3.653548924555496402e-01
-3.887815220989538911e-01
-1.811319491995389275e-01
-2.181251771849153365e-01
1.972162386798512190e-02
-2.293619958727757813e-02
2.322794460798306704e-01
1.920427388427263793e-01
4.508238920139892025e-01
4.205215598838244473e-01
6.691289936239728231e-01
6.548699718633697042e-01
8.808164875871785648e-01
8.864870847581971525e-01
1.079753303420490473e+00
1.106318783147090423e+00
1.260448804710263326e+00
1.305482132195826761e+00
1.418406088083064898e+00
1.475931991801262333e+00
1.550385320884513529e+00
1.611088924895229590e+00
1.654548481739467336e+00
1.706344751154487804e+00
1.730472041471935007e+00
1.759375455036467306e+00
1.779033595233323162e+00
1.770219321386419908e+00
1.802196097248478068e+00
1.741115617508030011e+00
1.802725568783786203e+00
1.676137420522322508e+00
1.783882907823772346e+00
1.580682453104417462e+00
1.749127685392609211e+00
1.460901566269451113e+00
1.701863298750538434e+00
1.323143611368936767e+00
1.645241316735672532e+00
1.173480277925112780e+00
1.582031144066491146e+00
1.017350715307578479e+00
1.514551442459815433e+00
8.593401376126728053e-01
1.444653246831083537e+00
7.030847923402837596e-01
1.373741574017225853e+00
5.512809542732808321e-01
1.302821992694741304e+00
4.057687178640728143e-01
1.232560214543412469e+00
2.676610884046443095e-01
1.163345359610606033e+00
1.374930195892970775e-01
1.095350396989948516e+00
1.537132180790534708e-02
1.028585868520213387e+00
-9.888705502212497001e-02
9.629451100892586490e-01
-2.056351314373055517e-01
8.982407168710424550e-01
-3.052968169539876375e-01
8.342329957807894658e-01
-3.982881502037284305e-01
7.706517088081212830e-01
-4.849567301252198370e-01
7.072126495256232381e-01
-5.655365278447702648e-01
6.436306187976950088e-01
-6.401152532387945904e-01
5.796302615284638637e-01
-7.086118457220829114e-01
5.149560579743485134e-01
-7.707622749858201727e-01
4.493825726039576418e-01
-8.261125415776316983e-01
3.827258741272894782e-01
-8.740184710812637370e-01
3.148568609527753193e-01
-9.136525396464333371e-01
2.457170547269990624e-01
-9.440185078707468147e-01
1.753372503550273409e-01
-9.639750335870752584e-01
1.038592176025594505e-01
-9.722696379994345550e-01
3.156041639008584643e-02
-9.675843641872625689e-01
-4.111860820645664438e-02
-9.485941388594977264e-01
-1.135448688912006482e-01
-9.140381772479818645e-01
-1.848628290096483440e-01
-8.628037226873200849e-01
-2.539653805935623843e-01
-7.940199852712342965e-01
-3.194685030569906492e-01
-7.071583904018574618e-01
-3.796930854181711501e-01
-6.021332951505122821e-01
-4.326583719508598214e-01
-4.793953950533458852e-01
-4.760924800368324661e-01
-3.400084347257572581e-01
-5.074663081096197903e-01
-1.856989320877233673e-01
-5.240577031854627421e-01
-1.886882932446765082e-02
-5.230527208897186586e-01
1.574373632196697237e-01
-5.016898480786573522e-01
3.396160797983698298e-01
-4.574507905361441806e-01
5.236391884210186420e-01
-3.882974945346092666e-01
7.052338293848345874e-01
-2.929492244657191380e-01
8.800956941273256895e-01
-1.711857644067325823e-01
1.044118266534732387e+00
-2.415357177972812797e-02
1.193616819477934410e+00
1.453580153015478493e-01
1.325525010576148688e+00
3.327119618807036217e-01
1.437544238472859837e+00
5.313366434109305647e-01
1.528231343291229338e+00
7.328024347768211655e-01
1.597017922568251702e+00
9.270979499972922255e-01
1.644163127903467636e+00
1.103123002225313343e+00
1.670649749105384663e+00
1.249387193251030093e+00
1.678039307544821446e+00
1.354869054123474248e+00
1.668304905267620430e+00
1.409956684972114349e+00
1.643660525008294071e+00
1.407364439293479874e+00
1.606402805852871651e+00
1.342908822297756322e+00
1.558776929255897059e+00
1.216035455250669362e+00
1.502873198589102399e+00
1.030018265523694021e+00
1.440556132647426324e+00
7.917972487420072980e-01
1.373424084135936418e+00
5.114730581100294105e-01
1.302794854865653829e+00
2.015242655282307171e-01
1.229711516475608946e+00
-1.241532443839359900e-01
1.154962450802607510e+00
-4.512711525941491830e-01
1.079110185638586294e+00
-7.661297776446355234e-01
1.002524597082615321e+00
-1.056467941433617330e+00
9.254172063919441360e-01
-1.312123017540782310e+00
8.478744214176047178e-01
-1.525472332292263200e+00
7.698885430461778201e-01
-1.691652627872698211e+00
6.913861232277681568e-01
-1.808573089304015058e+00
6.122538166150153227e-01
-1.876749461982223366e+00
5.323622330522914670e-01
-1.898993555170810366e+00
4.515885054663716924e-01
-1.879995852784974275e+00
3.698383706541754634e-01
-1.825840470704950702e+00
2.870685472937108962e-01
-1.743491861210000549e+00
2.033101059275927991e-01
-1.640291223619303018e+00
1.186933698039497886e-01
-1.523496921369905444e+00
3.347466423486179787e-02
-1.399896889990180249e+00
-5.193506138863797361e-02
-1.275512205587272518e+00
-1.369400933485621641e-01
-1.155400564418317177e+00
-2.207291288630288950e-01
-1.043557850870570292e+00
-3.022451954905501781e-01
-9.429068378717033738e-01
-3.801584623384974826e-01
-8.553556458555033881e-01
-4.528449290876954691e-01
-7.819055077014062105e-01
-5.183749089108646846e-01
-7.227875247915894752e-01
-5.745161813049021182e-01
-6.776107269582372084e-01
-6.187575717815312348e-01
-6.455078260980826599e-01
-6.483593491111961926e-01
-6.252695367285958650e-01
-6.604369820026650961e-01
-6.154624132996366903e-01
-6.520841651116013882e-01
-6.145283456920856979e-01
-6.205392631180873808e-01
-6.208660084148260871e-01
-5.633960868056482330e-01
-6.328957645758502837e-01
-4.788549457152899702e-01
-6.491100050862074200e-01
-3.660031610576540695e-01
-6.681109162886456065e-01
-2.251059671794607420e-01
-6.886374464227489334e-01
-5.787978376002109182e-02
-7.095829531708213178e-01
1.322883813167023970e-01
-7.300047635641440102e-01
3.402171294685336078e-01
-7.491267083963949469e-01
5.589445819852736363e-01
-7.663356092776603123e-01
7.799151223226246099e-01
-7.811726768124935827e-01
9.933582928530220180e-01
-7.933207927264489534e-01
1.188854823653670234e+00
-8.025886673126251258e-01
1.356054485396930520e+00
-8.088928631371654632e-01
1.485479351421595817e+00
-8.122386424936948179e-01
1.569321066698919243e+00
-8.127005248006364813e-01
1.602129004985646032e+00
-8.104033338687764987e-01
1.581292892265678152e+00
-8.055043820433910318e-01
1.507249618594245000e+00
-7.981772899485455319e-01
1.383385408679417061e+00
-7.885977889978946775e-01
1.215652587992803291e+00
-7.769317100557835420e-01
1.011963991584084566e+00
-7.633252345093146651e-01
7.814578547022781319e-01
-7.478973795936607605e-01
5.337361150083433925e-01
-7.307346111781700682e-01
2.781693032657297504e-01
-7.118874247155313473e-01
2.333646713186132704e-02
-6.913687067742612102e-01
-2.233633921291085789e-01
-6.691536819600414354e-01
-4.559231523472320191e-01
-6.451812584971586828e-01
-6.697820798866942482e-01
-6.193566052309579240e-01
-8.617575187476880227e-01
-5.915548182590772974e-01
-1.029893834959120236e+00
-5.616255620690382422e-01
-1.173266728527013525e+00
-5.293985937837140110e-01
-1.291774349038763869e+00
-4.946900964358740271e-01
-1.385937979180207780e+00
-4.573097554459431002e-01
-1.456726445948917537e+00
-4.170685098517726841e-01
-1.505411126179574621e+00
-3.737868954224136120e-01
-1.533452951297656242e+00
-3.273038706187572644e-01
-1.542419196155884631e+00
-2.774859794963893123e-01
-1.533925783307687585e+00
-2.242366602092605299e-01
-1.509599964636755942e+00
-1.675054570073997717e-01
-1.471058180887370614e+00
-1.072968418597807644e-01
-1.419894334028533045e+00
-4.367830438457959152e-02
-1.357674406136280210e+00
2.321266832075412345e-02
-1.285934165143416630e+00
9.316312070388502176e-02
-1.206177514767872827e+00
1.658810628327836989e-01
-1.119873816395776878e+00
2.409941750206353595e-01
-1.028453203170026198e+00
3.180510861472032880e-01
-9.332995035166034015e-01
3.965254338120772770e-01
-8.357408823517696872e-01
4.758227889587686166e-01
-7.370386865009584954e-01
5.552903773842573498e-01
-6.383752427243956085e-01
6.342293649464202376e-01
-5.408415023800468013e-01
7.119093047611008140e-01
-4.454254615813167950e-01
7.875841878012862507e-01
-3.530022213549476318e-01
8.605094082566012714e-01
-2.643264067001398487e-01
9.299588658005459862e-01
-1.800274597730787407e-01
9.952413895400628041e-01
-1.006080870265566723e-01
1.055715689224298925e+00
-2.644589979538979063e-02
1.110803118832812686e+00
4.220193318834365714e-02
1.159997670379171009e+00
1.051913852883566564e-01
1.202872790449486917e+00
1.624821187140795542e-01
1.239084813128141782e+00
2.141264488013482348e-01
1.268373012660640509e+00
2.602573165643157771e-01
1.290556479479854302e+00
3.010758334566694949e-01
1.305528198195171852e+00
3.368388991813519029e-01
1.313246843838213440e+00
3.678473066085345966e-01
1.313726906138115380e+00
3.944346498087415442e-01
1.307027799314024019e+00
4.169572526589105932e-01
1.293242620239748009e+00
4.357852447074742619e-01
1.272487188211736120e+00
4.512948334317399279e-01
1.244889944827946904e+00
4.638617604203290057e-01
1.210583223567474720e+00
4.738558838265239381e-01
1.169696326060081670e+00
4.816367994522438578e-01
1.122350774731248668e+00
4.875503957786945786e-01
1.068658056164120351e+00
4.919262314187680674e-01
1.008720130036830032e+00
4.950756240508921158e-01
9.426329558505877060e-01
4.972903453941999175e-01
8.704932819271402611e-01
4.988418251292754957e-01
7.924089435526088243e-01
4.999807762869415972e-01
7.085129221063443117e-01
5.009371644330297135e-01
6.189814140967069278e-01
5.019204523008273799e-01
5.240561347201467823e-01
5.031200600239172926e-01
4.240710179880912145e-01
5.047059886937232953e-01
3.194833540850122722e-01
5.068295616510235524e-01
2.109092001077851330e-01
5.096242438418272513e-01
9.916258494664405287e-02
5.132065048768220672e-01
-1.470242711420927106e-02
5.176766962758299062e-01
-1.293483758523938099e-01
5.231199178745516987e-01
-2.431121298861231572e-01
5.296068526063703041e-01
-3.539671043610245205e-01
5.371945528981617590e-01
-4.594945950844377403e-01
5.459271657560577085e-01
-5.568702043383277900e-01
5.558365872605068869e-01
-6.428727057144205670e-01
5.669430406180309134e-01
-7.139238903387290502e-01
5.792555750973475970e-01
-7.661686555137871002e-01
5.927724860726345524e-01
-7.956044284363018582e-01
6.074816589686808932e-01
-7.982674524000703542e-01
6.233608421162148971e-01
-7.704799415847712885e-01
6.403778553503467474e-01
-7.091561292348373957e-01
6.584907425966320949e-01
-6.121565160115614024e-01
6.776478776707901552e-01
-4.786683579345339945e-01
6.977880330605810144e-01
-3.095775386712910082e-01
7.188404215613227732e-01
-1.077843354727566483e-01
7.407247203088541676e-01
1.215938712358728968e-01
7.633510860142828092e-01
3.711924827465835630e-01
7.866201690833252158e-01
6.315936499711685137e-01
8.104231328407888180e-01
8.917744733251116163e-01
8.346416823314359856e-01
1.139804892475915210e+00
8.591481051985302431e-01
1.363746506432838235e+00
8.838053250300882402e-01
1.552657957397528099e+00
9.084669654021415575e-01
1.697576851015467847e+00
9.329774207419379017e-01
1.792334124382957139e+00
9.571719281965919146e-01
1.834072214419280478e+00
9.808766330482860951e-01
1.823383691485984892e+00
1.003908638997774716e+00
1.764053406548794722e+00
1.026076033982286306e+00
1.662458507799497998e+00
1.047177882246179692e+00
1.526738496651252497e+00
1.067004174292323970e+00
1.365877519575770194e+00
1.085335728264313904e+00
1.188838044025441354e+00
1.101944039406891784e+00
1.003853838045188018e+00
1.116591078697215744e+00
8.179429947799340406e-01
1.129029047720265133e+00
6.366529825801047204e-01
1.139000104584738882e+00
4.640108692955828840e-01
1.146236085373828040e+00
3.026288126234806253e-01
1.150458257561869591e+00
1.539077254266588146e-01
1.151377156302283211e+00
1.828691012589039877e-02
1.148692571840254750e+00
-1.045008592176165096e-01
1.142093776893988721e+00
-2.151956219477761945e-01
1.131260107069605336e+00
-3.148122475576502488e-01
1.115862035609764380e+00
-4.044829872804476811e-01
1.095562916357443628e+00
-4.853390410734801375e-01
1.070021605955370214e+00
-5.584261249627062718e-01
1.038896217981527981e+00
-6.246476338752794399e-01
1.001849307541455403e+00
-6.847289770359937799e-01
9.585548337961574683e-01
-7.391974167912375160e-01
9.087072980972029645e-01
-7.883728424127941503e-01
8.520335036273166684e-01
-8.323660913692020324e-01
7.883074236950901037e-01
-8.710825443665671797e-01
7.173686926473590297e-01
-9.042296983192636972e-01
6.391452350717072850e-01
-9.313282395244186773e-01
5.536805108235473005e-01
-9.517267948782629494e-01
4.611657557358011528e-01
-9.646210345247839824e-01
3.619774152572037829e-01
-9.690781335982794342e-01
2.567196692412244130e-01
-9.640677642702245587e-01
1.462714935347438350e-01
-9.485007638304073785e-01
3.183705692289010014e-02
-9.212763853100244260e-01
-8.500263034072991220e-02
-8.813385585691564383e-01
-2.022400507484965471e-01
-8.277408538144266359e-01
-3.173981627932696559e-01
-7.597188470726566889e-01
-4.275003882984070303e-01
-6.767673711510107104e-01
-5.290618173736000296e-01
-5.787187741300023891e-01
-6.181116929366745616e-01
-4.658169335831369162e-01
-6.902587688995770465e-01
-3.387805791109632647e-01
-7.408118910292786907e-01
-1.988486966406101120e-01
-7.649675004692717550e-01
-4.780068472685980452e-02
-7.580729420752473358e-01
1.120552579646514613e-01
-7.159686622229548547e-01
2.779301599936749301e-01
-6.354029310334128322e-01
4.466404179025951215e-01
-5.144993809973190668e-01
6.147299226363766023e-01
-3.532409972237223750e-01
7.786217542544686676e-01
-1.539160402943501593e-01
9.347888838387454769e-01
7.854491777847436018e-02
1.079930037853427338e+00
3.364212686520577922e-01
1.211135135533826457e+00
6.093215971569881928e-01
1.326024983719206851e+00
8.846272244826010045e-01
1.422852342916368862e+00
1.148277210586616359e+00
1.500555783528238818e+00
1.385854400305117640e+00
1.558763263981897351e+00
1.583866324251219648e+00
1.597748160856800714e+00
1.731056034653806641e+00
1.618345596645293760e+00
1.819544377862081896e+00
1.621840549726949465e+00
1.845611894036489176e+00
1.609840942925646612e+00
1.809980985585428970e+00
1.584148653290500031e+00
1.717548702997643506e+00
1.546639498466280793e+00
1.576625650184197092e+00
1.499160308973016331e+00
1.397828594355310594e+00
1.443447844167974337e+00
1.192828381692704998e+00
1.381071134782728693e+00
9.731585012549703873e-01
1.313396249131048465e+00
7.492475408157881489e-01
1.241570690844613356e+00
5.297687056841748898e-01
1.166523665138300858e+00
3.213246185289982959e-01
1.088978186794448799e+00
1.284252761558619949e-01
1.009471264246772915e+00
-4.631831996677657215e-02
9.283789823879626812e-01
-2.018721768267594252e-01
8.459440460667171369e-01
-3.384069005442350564e-01
7.623041022048262505e-01
-4.569330741152115571e-01
6.775198424504611516e-01
-5.589805180913319793e-01
5.916024521618147292e-01
-6.463382816616892734e-01
5.045403975273606845e-01
-7.208581967709871696e-01
4.163258323674983163e-01
-7.843162553793138203e-01
3.269810708897306628e-01
-8.383219595000664937e-01
2.365856259570955078e-01
-8.842647762283405433e-01
1.453042652571363280e-01
-9.232876364940313385e-01
5.341639579821609585e-02
-9.562790869618855716e-01
-3.865315014391616788e-02
-9.838776162677418391e-01
-1.303021933645585051e-01
-1.006483482433433663e+00
-2.207188664361346420e-01
-1.024274911406836353e+00
-3.088501410050149554e-01
-1.037226775125288603e+00
-3.933732115021065789e-01
-1.045130807353250590e+00
-4.726725442163763891e-01
-1.047617115051168390e+00
-5.448263166487379294e-01
-1.044177232380403719e+00
-6.076069241749969541e-01
-1.034189276063738117e+00
-6.585011159361133792e-01
-1.016945916128320082e+00
-6.947559793030172459e-01
-9.916858859905988144e-01
-7.134571967888351240e-01
-9.576296235343381147e-01
-7.116454612778186917e-01
-9.140193597319071772e-01
-6.864753190411325701e-01
-8.601635544003826128e-01
-6.354176769045303264e-01
-7.954850282377411430e-01
-5.565024971977576840e-01
-7.195714784397357899e-01
-4.485917394855004070e-01
-6.322263335910234261e-01
-3.116646552755578670e-01
-5.335171674893213201e-01
-1.470888507184315019e-01
-4.238182410023070279e-01
4.215755519911770777e-02
-3.038432862761898390e-01
2.513529079120377374e-01
-1.746645086342889230e-01
4.740290857363938515e-01
-3.771407033372001227e-02
7.021332805305285918e-01
1.052348826919113078e-01
9.263742719868706121e-01
2.521092625665632969e-01
1.136749788757168256e+00
4.005989622825548158e-01
1.323222448546293784e+00
5.482393552718620722e-01
1.476481651730254363e+00
6.925088759344888434e-01
1.588704388608764839e+00
8.309352264043563530e-01
1.654216199760000450e+00
9.612023511343539273e-01
1.669959591026758394e+00
1.081249747773584513e+00
1.635702151531435611e+00
1.189356104534049052e+00
1.553956479437189175e+00
1.284200676065319957e+00
