1.000000000000000000e+00
1.000000000000000000e+00
1.083333333333333259e+00
1.082999999999999963e+00
1.059618055555555438e+00
1.059795569444444308e+00
9.073265987091690965e-01
9.091177017676370653e-01
6.170857787406884842e-01
6.216713044310333558e-01
1.962658502993963605e-01
2.046417966775207486e-01
-3.284830252590854593e-01
-3.158075477146222165e-01
-9.120835607652155730e-01
-8.953519863386780742e-01
-1.496080438719513461e+00
-1.476424060344151190e+00
-2.017641665982468524e+00
-1.997001875782460356e+00
-2.420918110936647327e+00
-2.401723003987267013e+00
-2.667999155852102788e+00
-2.652644013037946724e+00
-2.746308632519189441e+00
-2.736575523213189420e+00
-2.670071135689048969e+00
-2.666670019525017921e+00
-2.475344780890712748e+00
-2.477732530753944840e+00
-2.210347494910788413e+00
-2.216881978263492314e+00
-1.924353595907342562e+00
-1.932711940779493487e+00
-1.658538192957179414e+00
-1.666238832493509125e+00
-1.440842253734253786e+00
-1.445703671518367983e+00
-1.285058738572879777e+00
-1.285494154810432832e+00
-1.192921110114356642e+00
-1.188055956298570859e+00
-1.157529875386319684e+00
-1.147187642294163146e+00
-1.166812287660288661e+00
-1.151427816247406311e+00
-1.206360760371888885e+00
-1.186863390647752592e+00
-1.261517011132596178e+00
-1.239203090017158004e+00
-1.318818762734229377e+00
-1.295218683548268634e+00
-1.366965099994190025e+00
-1.343706827057989495e+00
-1.397404904038352269e+00
-1.376079353960020457e+00
-1.404598020595713814e+00
-1.386636126109954459e+00
-1.385976778076233540e+00
-1.372549892223349444e+00
-1.341645019548848738e+00
-1.333598419352342912e+00
-1.273875980585479351e+00
-1.271700418170851332e+00
-1.186491425340888917e+00
-1.190331711656235747e+00
-1.084211489935551276e+00
-1.093905786713938788e+00
-9.720551337161433825e-01
-9.871952159547117134e-01
-8.548489425245671125e-01
-8.748506183788329338e-01
-7.368743702372397841e-01
-7.610482336150294902e-01
-6.216573451235011261e-01
-6.492723791238077524e-01
-5.118843140031041905e-01
-5.422197396800413349e-01
-4.094171957101263026e-01
-4.418006856847488950e-01
-3.153758828846479068e-01
-3.492084065053949749e-01
-2.302589281966778145e-01
-2.650279025700024715e-01
-1.540784790801723037e-01
-1.893616070116292405e-01
-8.649224211705658361e-02
-1.219545750324620009e-01
-2.692173261872075202e-02
-6.230829046000788130e-02
2.534856888855610557e-02
-9.777312617654132509e-03
7.109259239505186234e-02
3.635313688251118336e-02
1.110834678576297085e-01
7.680796879756304762e-02
1.460511966904679548e-01
1.122792444320005606e-01
1.766541044891091483e-01
1.433966080548119137e-01
2.034609640108386852e-01
1.707082337061418265e-01
2.269409940500179412e-01
1.946696339363200023e-01
2.474594140087656435e-01
2.156380975778348918e-01
2.652767539775024996e-01
2.338710035896578998e-01
2.805506199072919649e-01
2.495267303696441508e-01
2.933390593680831326e-01
2.626673086058488593e-01
3.036050527988644054e-01
2.732623356227736333e-01
3.112219674269379177e-01
2.811939775016947252e-01
3.159800611663928227e-01
2.862631353070628215e-01
3.175943182825947120e-01
2.881970486942871945e-01
3.157140429170205431e-01
2.866587584732726568e-01
3.099347339426097303e-01
2.812589517632239078e-01
2.998128156537699929e-01
2.715707690385564255e-01
2.848838016249355953e-01
2.571481590093243064e-01
2.646844199905453165e-01
2.375483203450609315e-01
2.387791227420366924e-01
2.123586630803584174e-01
2.067912348222238073e-01
1.812285513932722081e-01
1.684387673950968056e-01
1.439058485769796336e-01
1.235746223426855833e-01
1.002779716620463002e-01
7.223055317846208134e-02
5.041677721782476806e-02
1.466382543244169889e-02
-5.373855731203289188e-03
-4.859495616815817653e-02
-6.650939940182123977e-02
-1.166949077381994604e-01
-1.320772375954103739e-01
-1.884214267156741895e-01
-2.007932676473160316e-01
-2.621594571718309230e-01
-2.709660650027999607e-01
-3.358672842243985435e-01
-3.404728319066299691e-01
-4.070653288313638707e-01
-4.067520786480576800e-01
-4.728450840542611777e-01
-4.668187245387772633e-01
-5.299040102656416007e-01
-5.173080238863535518e-01
-5.746128460167672092e-01
-5.545553517944015187e-01
-6.031222994170004625e-01
-5.747192972516941278e-01
-6.115162881966366148e-01
-5.739554862044740080e-01
-5.960185082524690481e-01
-5.486477488543134440e-01
-5.532576997228405569e-01
-4.957011538979786414e-01
-4.805939566088278658e-01
-4.128974002022111067e-01
-3.765030616170375599e-01
-2.993063090408825122e-01
-2.410073388431436814e-01
-1.557369277832030274e-01
-7.612925152682159524e-02
1.480248527743219245e-02
1.136722651694305197e-01
2.066844598377824416e-01
3.211422138035172069e-01
4.113518823240980282e-01
5.360265756685820282e-01
6.172068858565552540e-01
7.451227933109275670e-01
8.098028908762077149e-01
9.326870266796358777e-01
9.724435842194577573e-01
1.081288650303387833e+00
1.087268768871535896e+00
1.173160805736636059e+00
1.136850332125018292e+00
1.192018927124612659e+00
1.106227859249875101e+00
1.125208455927613427e+00
9.851887091425465259e-01
9.659131279817708693e-01
7.704629819175774497e-01
7.150372975065317771e-01
4.673977522484040747e-01
3.823144504784455888e-01
9.064599841551734816e-02
-1.376395603008923052e-02
-3.365020615987529551e-01
-4.474314843238471062e-01
-7.842871963740317698e-01
-8.884806446121233936e-01
-1.219954074997843918e+00
-1.306040274058974937e+00
-1.611976452705937923e+00
-1.672597571805150451e+00
-1.934223947211143546e+00
-1.967444158810298882e+00
-2.169209277342185604e+00
-2.178839898761050886e+00
-2.309756237569859927e+00
-2.304517436451142043e+00
-2.358829970955707456e+00
-2.350584037317689834e+00
-2.327737478282049022e+00
-2.329261779682606281e+00
-2.233276974962584926e+00
-2.256116233947501382e+00
-2.094574744861625870e+00
-2.147413345424902253e+00
-1.930275425218263896e+00
-2.018060982682226001e+00
-1.756514437026428510e+00
-1.880335852692833543e+00
-1.585813013221759826e+00
-1.743367428389418716e+00
-1.426798707411226275e+00
-1.613206713022351746e+00
-1.284520431501609439e+00
-1.493258177760705685e+00
-1.161097098325059251e+00
-1.384873391913232776e+00
-1.056479760479041685e+00
-1.287959412103943491e+00
-9.691779229659689410e-01
-1.201514871580912081e+00
-8.968703255372727501e-01
-1.124055531490797621e+00
-8.368730742400071199e-01
-1.053923669566963817e+00
-7.864702494553424961e-01
-9.894936704660306503e-01
-7.431276728237676821e-01
-9.292936905177580087e-01
-7.046151261591452331e-01
-8.720644466753050272e-01
-6.690610662219490523e-01
-8.167741350339217110e-01
-6.349602304416920306e-01
-7.626051723448288300e-01
-6.011503998551661621e-01
-7.089249388727905110e-01
-5.667708222104160809e-01
-6.552494845549458047e-01
-5.312116452363178087e-01
-6.012064358603679270e-01
-4.940611483911835355e-01
-5.465011502281055256e-01
-4.550554970954415746e-01
-4.908884830217802309e-01
-4.140340893613781437e-01
-4.341513038793780588e-01
-3.709022604026652736e-01
-3.760860575061954481e-01
-3.256021158246083513e-01
-3.164951352700134946e-01
-2.780915453094762735e-01
-2.551855346936250934e-01
-2.283309912802224118e-01
-1.919731637371700217e-01
-1.762772701272947162e-01
-1.266921318591316958e-01
-1.218836216424280250e-01
-5.920840528122763013e-02
-6.510514809751963283e-02
1.056275545214403755e-02
-5.908852735313906146e-03
8.263614679876118974e-02
5.571244190944001085e-02
1.569333784458016301e-01
1.197229558502502927e-01
2.332577674120371314e-01
1.860242308673090150e-01
3.112682995615085324e-01
2.544334963115678083e-01
3.904538620499794499e-01
3.246608876334456384e-01
4.701092884124312143e-01
3.962864478817622049e-01
5.493151342844094787e-01
4.687380674262145996e-01
6.269234752728188864e-01
5.412717872987380385e-01
7.015523325492390994e-01
6.129561803773482254e-01
7.715915145344448556e-01
6.826627940723073440e-01
8.352226315037256654e-01
7.490648384596634290e-01
8.904557077698481704e-01
8.106463751697257081e-01
9.351841068012529679e-01
8.657241392466696883e-01
9.672583493733473148e-01
9.124837449086591334e-01
9.845778435169421083e-01
9.490313358145182621e-01
9.851976270168807392e-01
9.734607172806489794e-01
9.674451025616507271e-01
9.839346706204401549e-01
9.300396638153847206e-01
9.787775735129988774e-01
8.722063805397795022e-01
9.565747745843461436e-01
7.937738778622613900e-01
9.162725966628033625e-01
6.952465263631781855e-01
8.572716177758177292e-01
5.778422715495620254e-01
7.795052597544767092e-01
4.434899159238907540e-01
6.834959234539067507e-01
2.947832447787985255e-01
5.703820796977585594e-01
1.348936507923114703e-01
4.419118508661889488e-01
-3.255272398912154030e-02
3.004015280292406942e-01
-2.036235123097056010e-01
1.486608289835129604e-01
-3.742418745676630021e-01
-1.010993958599029630e-02
-5.403480242858140770e-01
-1.724427925989701627e-01
-6.980477984883997067e-01
-3.347351058106065591e-01
-8.437378550460693516e-01
-4.933821545342785830e-01
-9.742005379409857113e-01
-6.448991608587155699e-01
-1.086665464399541481e+00
-7.860246845533656046e-01
-1.178838829545909128e+00
-9.137998822913918628e-01
-1.248904762611728669e+00
-1.025621273653658738e+00
-1.295505449592518676e+00
-1.119267730978294351e+00
-1.317708014469971767e+00
-1.192905059683476487e+00
-1.314966365656190739e+00
-1.245073487632543552e+00
-1.287085538030317666e+00
-1.274664515188090208e+00
-1.234194727431324079e+00
-1.280893904425863372e+00
-1.156733456684665429e+00
-1.263277214583924613e+00
-1.055453319941821677e+00
-1.221613375981402516e+00
-9.314356542322744792e-01
-1.155980492697031625e+00
-7.861233573428979549e-01
-1.066746501113424728e+00
-6.213629511326883570e-01
-9.545955679159001672e-01
-4.394509226844418581e-01
-8.205692264072106390e-01
-2.431764446846390315e-01
-6.661192394965358421e-01
-3.585093510810086204e-02
-4.931670621405143118e-01
1.786861894751105018e-01
-3.041626163965057694e-01
3.960964466642975523e-01
-1.021330256210158105e-01
6.116157556681197649e-01
1.092897772828070602e-01
8.201796141291682884e-01
3.258746896703905715e-01
1.016602594241786672e+00
5.428423302100007231e-01
1.195808337706039115e+00
7.549714041668607045e-01
1.353098375781725204e+00
9.567668834000471190e-01
1.484439778321350767e+00
1.142690138310421322e+00
1.586744290121425927e+00
1.307442825624873795e+00
1.658106994835574666e+00
1.446286639888345160e+00
1.697972337868227211e+00
1.555371398180231957e+00
1.707200646537130995e+00
1.632036321719950944e+00
1.688019136490827021e+00
1.675046001374870031e+00
1.643856435630145496e+00
1.684725245809244321e+00
1.579076243046783734e+00
1.662966659622039156e+00
1.498640477922604131e+00
1.613100655524993599e+00
1.407741930705044053e+00
1.539637172426024714e+00
1.311448907364322292e+00
1.447907770530538096e+00
1.214399352874174998e+00
1.343651705231969196e+00
1.120571016539340548e+00
1.232596595616106239e+00
1.033140259499015112e+00
1.120081919654818847e+00
9.544283514693645554e-01
1.010762761894483663e+00
8.859232187468657482e-01
9.084150793909334665e-01
8.283580444321356762e-01
8.158463318639543882e-01
7.818260206119987954e-01
7.349004450519551757e-01
7.459120368079737995e-01
6.665362167171912100e-01
7.198257937592296152e-01
6.109541653081445034e-01
7.025253931672963414e-01
5.677476829542305037e-01
6.928248321386321074e-01
5.360585298980532487e-01
6.894824220855949592e-01
5.147223634138491377e-01
6.912697436295426323e-01
5.023956374708720141e-01
6.970223972113903654e-01
4.976599172751831057e-01
7.056747041290911682e-01
4.991030582649582104e-01
7.162808777791990211e-01
5.053788364551665691e-01
7.280252162425328022e-01
5.152477346471691089e-01
7.402237110305580625e-01
5.276019966505540726e-01
7.523192185649151265e-01
5.414780367850309251e-01
7.638720572563255651e-01
5.560590406346920256e-01
7.745476042907138980e-01
5.706702474371024847e-01
7.841021878664323763e-01
5.847690381530954440e-01
7.923683106174708168e-01
5.979316010765886036e-01
7.992400029411980134e-01
6.098376221643722062e-01
8.046588940652597000e-01
6.202541536424900359e-01
8.086014060808396353e-01
6.290195522048430687e-01
8.110673229368279280e-01
6.360281472093471944e-01
8.120698624446952563e-01
6.412160999230593905e-01
8.116272833964039979e-01
6.445487472578649291e-01
8.097559895986923273e-01
6.460095871998803307e-01
8.064650448383692272e-01
6.455909569777135149e-01
8.017519839110301971e-01
6.432863766401788475e-01
7.955997911165729741e-01
6.390844769639674183e-01
7.879749154126860500e-01
6.329643977473914385e-01
7.788261973986579934e-01
6.248925265763269898e-01
7.680845945887759818e-01
6.148204451309742247e-01
7.556636056338933427e-01
6.026839563818716661e-01
7.414603093707692327e-01
5.884030783908930085e-01
7.253569494074263435e-01
5.718829062069713531e-01
7.072230084050009635e-01
5.530152603979466841e-01
6.869177276824082190e-01
5.316810574901938979e-01
6.642930369559408854e-01
5.077533528779817340e-01
6.391968658990155872e-01
4.811010199121725783e-01
6.114768139451559614e-01
4.515930395256985141e-01
5.809841577007490709e-01
4.191033828183179377e-01
5.475781769430199120e-01
3.835164746266878089e-01
5.111307809883799402e-01
3.447332295034349903e-01
4.715314177921908767e-01
3.026776530391555586e-01
4.286922490294331478e-01
2.573040013888834854e-01
3.825535760801828666e-01
2.086044904159350399e-01
3.330895046450599861e-01
1.566175430536812796e-01
2.803138397873166099e-01
1.014365590204643758e-01
2.242862084164764513e-01
4.321918419278587137e-02
1.651184121302847752e-01
-1.780295351908604828e-02
1.029810190400991254e-01
-8.131409100050936145e-02
3.811020735425471595e-02
-1.469038331091214455e-01
-2.918512584253468711e-02
-2.140564224132386617e-01
-9.851598255618991551e-02
-2.821399392315027121e-01
-1.694056152171624641e-01
-3.503956721123636098e-01
-2.412816459793546975e-01
-4.179280051414591690e-01
-3.134680346436643505e-01
-4.836953123902941742e-01
-3.851770455732013154e-01
-5.465025396486442588e-01
-4.555014635903221754e-01
-6.049963971370680982e-01
-5.234074451766832503e-01
-6.576643902555193710e-01
-5.877285712801300077e-01
-7.028392808613441733e-01
-6.471618980990256897e-01
-7.387109944974966647e-01
-7.002670871912295425e-01
-7.633484536668492249e-01
-7.454700376468069711e-01
-7.747342910148732331e-01
-7.810728365065828793e-01
-7.708158222924755831e-01
-8.052722752516081606e-01
-7.495759476750484263e-01
-8.161896218116657664e-01
-7.091276703627916733e-01
-8.119147403441312472e-01
-6.478354937223164134e-01
-7.905679383178148001e-01
-5.644658524096590746e-01
-7.503829799217993646e-01
-4.583666772540091472e-01
-6.898143822305305983e-01
-3.296729025435256588e-01
-6.076712073514356494e-01
-1.795299540721900511e-01
-5.032778436227172136e-01
-1.032089906729422024e-02
-3.766594793955312381e-01
1.741248396557904532e-01
-2.287458905868990366e-01
3.683718894684899769e-01
-6.158167032193917478e-02
5.653072841362374312e-01
1.214757725626699203e-01
7.562012889411520167e-01
3.155967605874472337e-01
9.309456675243146240e-01
5.143922380193689525e-01
1.078506347098332263e+00
7.099384731134954496e-01
1.187607962525333072e+00
8.929545712256932166e-01
1.247635258480726206e+00
1.053168393055258001e+00
1.249692177142323057e+00
1.179891412413081486e+00
1.187709400322605413e+00
1.262796629962787520e+00
1.059445860361378111e+00
1.292856463086763608e+00
8.672038229316418878e-01
1.263353701221565872e+00
6.180854381658136276e-01
1.170836572186584545e+00
3.236707184439836515e-01
1.015860794685234492e+00
-9.090801244694413086e-04
8.033603885441545911e-01
-3.384095374314507465e-01
5.425247933119823340e-01
-6.712151493992732920e-01
2.461336628750576683e-01
-9.831030399750053661e-01
-7.059875732790937830e-02
-1.260736690013547934e+00
-3.915139741008177299e-01
-1.494660620575973820e+00
-7.011012418297095650e-01
-1.679683134223977747e+00
-9.859326141724820136e-01
-1.814667922813531398e+00
-1.235719237594984810e+00
-1.901867093467222602e+00
-1.443856071337243030e+00
-1.945990272368176788e+00
-1.607435933834154618e+00
-1.953209655495338426e+00
-1.726818171319784101e+00
-1.930261057491943433e+00
-1.804905041604080829e+00
-1.883738470627682737e+00
-1.846298722507375922e+00
-1.819616658609835236e+00
-1.856489383953284777e+00
-1.742987883848531760e+00
-1.841176869532468618e+00
-1.657970656341585691e+00
-1.805774520424056506e+00
-1.567738651943827222e+00
-1.755098259922009740e+00
-1.474621126427120510e+00
-1.693214397296506357e+00
-1.380236096854945194e+00
-1.623406064013008798e+00
-1.285629404238264328e+00
-1.548217025891630794e+00
-1.191403519355500373e+00
-1.469537801685593559e+00
-1.097828271546223755e+00
-1.388708157760712325e+00
-1.004931351741363832e+00
-1.306619154521635906e+00
-9.125698395013492892e-01
-1.223805437747530478e+00
-8.204857104081269004e-01
-1.140523905403066474e+00
-7.283488625814422690e-01
-1.056818372538470996e+00
-6.357911165044957125e-01
-9.725718137336843983e-01
-5.424342149858664142e-01
-8.875486463441827345e-01
-4.479142860267281701e-01
-8.014297291544814072e-01
-3.519046462059298164e-01
-7.138425889700898974e-01
-2.541382691812543171e-01
-6.243890502579370061e-01
-1.544307373416989315e-01
-5.326720454628245394e-01
-5.270402757148774653e-02
-4.383229809924717446e-01
5.098896111743729531e-02
-3.410306409826167062e-01
1.564396651073847733e-01
-2.405722189504197750e-01
2.632598612469833621e-01
-1.368466557965850039e-01
3.708598158699472069e-01
-2.991000818230095393e-02
4.784303905452420569e-01
7.998794458074896807e-02
5.849312835757889406e-01
1.923672323594647904e-01
6.890878531704301979e-01
3.064833883728050323e-01
7.893990721443530090e-01
4.212980061656536046e-01
8.841590323615273750e-01
5.354575095025577713e-01
9.714939781245053307e-01
6.472840202396392684e-01
1.049416044568164397e+00
7.547825128460047273e-01
1.115893686017402908e+00
8.556683779793957667e-01
1.168937228814299623e+00
9.474189364626268706e-01
1.206696171225225100e+00
1.027351223469585184e+00
1.227562955871360106e+00
1.092726429329872184e+00
1.230276206921177007e+00
1.140878761887625492e+00
1.214015153070480801e+00
1.169363343527008769e+00
1.178476450039604773e+00
1.176114390121261621e+00
1.123925117352942316e+00
1.159601810334521588e+00
1.051212933498384405e+00
1.118972092471277824e+00
9.617603310777853576e-01
1.054158510235226887e+00
8.575013336923374974e-01
9.659467617794270655e-01
7.407949279400450893e-01
8.559853811726813033e-01
6.143098998896260321e-01
7.267354691952818690e-01
4.808930111175235278e-01
5.813608909366437816e-01
3.434319852529540418e-01
4.235671154157260032e-01
2.047248807135726156e-01
2.574031567837366530e-01
6.736606985939952441e-02
8.704549526092542067e-02
-6.634347985727884200e-02
-8.341539546081139234e-02
-1.944571441715693683e-01
-2.501664910740586945e-01
-3.154136811923369810e-01
-4.098260508818842851e-01
-4.280402533239534568e-01
-5.595499333104425599e-01
-5.315315909013303974e-01
-6.970868715447737785e-01
-6.254108325641571930e-01
-8.207851807405240896e-01
-7.094780567295740914e-01
-9.295580837285558617e-01
-7.837522461074155622e-01
-1.022817787441829829e+00
-8.484116277121542815e-01
-1.100389542273196408e+00
-9.037362479690855821e-01
-1.162416437733290175e+00
-9.500554923412676267e-01
-1.209264100985633306e+00
-9.877022030700401967e-01
-1.241432298371784038e+00
-1.016974186655647872e+00
-1.259478162844278160e+00
-1.038103278179535849e+00
-1.263953724329480055e+00
-1.051231743712674138e+00
-1.255358801482941100e+00
-1.056395629171348327e+00
-1.234109188374970190e+00
-1.053514664925065958e+00
-1.200519409385237157e+00
-1.042388467286595954e+00
-1.154799033673864272e+00
-1.022698999487383853e+00
-1.097061525279982241e+00
-9.940195282362371820e-01
-1.027344740933338274e+00
-9.558306026655635224e-01
-9.456423683841429506e-01
-9.075438558698051272e-01
-8.519457299419279650e-01
-8.485346477013546718e-01
-7.462953788423245527e-01
-7.781846867197970141e-01
-6.288417223059438177e-01
-6.959357353174274730e-01
-4.999134597027096172e-01
-6.013552501790009330e-01
-3.600918883311166607e-01
-4.942142656773582110e-01
-2.102880884685582041e-01
-3.745769113696210129e-01
-5.181867617552310401e-02
-2.428995939633245005e-01
1.135257164329988022e-01
-1.001360220776003340e-01
2.834266586455869152e-01
5.215808468411359256e-02
4.550076647993684942e-01
2.117294861610933276e-01
6.248371828474486023e-01
3.755528815446248503e-01
7.889745139284372044e-01
5.397917577463005046e-01
9.430669505105248041e-01
6.998108667540048344e-01
1.082503264906773399e+00
8.502567999733547932e-01
1.202623550525232510e+00
9.852208963394589736e-01
1.298978422258404208e+00
1.098493231416042271e+00
1.367622290221816472e+00
1.183907206129118928e+00
1.405416943058320101e+00
1.235761444971331890e+00
1.410314613860462973e+00
1.249290437219245931e+00
1.381585914685070415e+00
1.221139863038185558e+00
1.319959218515291965e+00
1.149790132298859735e+00
1.227645246299236881e+00
1.035866147685505334e+00
1.108233577425074001e+00
8.822760789869537046e-01
9.664648543862310870e-01
6.941387406864552023e-01
8.079005655814845976e-01
4.784869604571551638e-01
6.385277275216038051e-01
2.437687930556365346e-01
4.643451020831848020e-01
-7.974671314412984380e-04
2.909786570985933851e-01
-2.459328394541025475e-01
1.233667070457108716e-01
-4.829794973937762692e-01
-3.445848632055914518e-02
-7.044699321362968281e-01
-1.794825314880669487e-01
-9.045218256043110472e-01
-3.097199363481527579e-01
-1.079030203579193437e+00
-4.241422898804736441e-01
-1.225663073279607218e+00
-5.225483094335933165e-01
-1.343695007828893395e+00
-6.054018129606967280e-01
-1.433730019893263208e+00
-6.736607453505352172e-01
-1.497369358424833319e+00
-7.286149187876617139e-01
-1.536873685206522566e+00
-7.717438462278792821e-01
-1.554856474882017947e+00
-8.046002697489665900e-01
-1.554030760269780709e+00
-8.287204625559263516e-01
-1.537017925577888855e+00
-8.455593499384295164e-01
-1.506217094776138854e+00
-8.564468257226918180e-01
-1.463727345746009378e+00
-8.625610275872233057e-01
-1.411312100721979768e+00
-8.649144243648068109e-01
-1.350394710539000842e+00
-8.643490516270504465e-01
-1.282075484502968488e+00
-8.615378792101663352e-01
-1.207162387984993757e+00
-8.569899598991762568e-01
-1.126209747005822770e+00
-8.510576145948975935e-01
-1.039561212235869281e+00
-8.439444261523373347e-01
-9.473947792298939019e-01
-8.357132408586021022e-01
-8.497687948284791126e-01
-8.262937270003773982e-01
-7.466686256107728514e-01
-8.154893332032526754e-01
-6.380540739883052703e-01
-8.029837441762485151e-01
-5.239077546940164032e-01
-7.883471644407102907e-01
-4.042845342409913667e-01
-7.710429840601914497e-01
-2.793618227420617273e-01
-7.504356025650729123e-01
-1.494900182282428158e-01
-7.258004117205433259e-01
-1.524176478217528774e-02
-6.963371625371251872e-01
1.225420676130814790e-01
-6.611881581339503766e-01
2.627125886373220531e-01
-6.194629041618966436e-01
4.037829826656925691e-01
-5.702709838292492339e-01
5.439128637376486886e-01
-5.127649629226324057e-01
6.809116510055395199e-01
-4.461950136206382367e-01
8.122656674341139915e-01
-3.699765996997115280e-01
9.351929807746445222e-01
-2.837719001030708510e-01
1.046728543732589500e+00
-1.875845635891562058e-01
1.143839867992579862e+00
-8.186578806908516304e-02
1.223570325274946358e+00
3.237246766831944345e-02
1.283203420020254448e+00
1.534441202294804796e-01
1.320437434530217224e+00
2.788857315461265030e-01
1.333556309315973465e+00
4.053772828187358623e-01
1.321580212357218675e+00
5.287042435927843398e-01
1.284378689029711751e+00
6.437807976829066359e-01
1.222731107356792801e+00
7.447548817594644710e-01
1.138323493401940167e+00
8.252136176597565376e-01
1.033677457763782837e+00
8.785016936441993884e-01
9.120148797955839326e-01
8.981544953529894126e-01
7.770700552098366298e-01
8.784322260837920116e-01
6.328676782255786559e-01
8.149219306139406926e-01
4.834890577316566795e-01
7.051537168441274206e-01
3.328496059587392475e-01
5.491594545342680656e-01
1.845078504499071681e-01
3.498916648011806130e-01
4.152068784842449789e-02
1.134219368585854537e-01
-9.364747449588509132e-02
-1.511448294342670196e-01
-2.191612601169416752e-01
-4.320717062823358212e-01
-3.338022444936306621e-01
-7.156941523312594367e-01
-4.369181696479119137e-01
-9.873678443256501680e-01
-5.283453879242024920e-01
-1.232559320130125924e+00
-6.083164839851487038e-01
-1.437953823441802781e+00
-6.773635367742901758e-01
-1.592451605639923606e+00
-7.362251292413104498e-01
-1.687943200022908430e+00
-7.857625873623989010e-01
-1.719790739821361880e+00
-8.268884820965790583e-01
-1.686987268143757879e+00
-8.605084288376358970e-01
-1.592009268806407141e+00
-8.874757742653692771e-01
-1.440411401700670391e+00
-9.085578548060062598e-01
-1.240232550815297818e+00
-9.244120582206271086e-01
-1.001288777264940810e+00
-9.355698069942313122e-01
-7.344246204114818211e-01
-9.424266987140985652e-01
-4.507836992675712251e-01
-9.452372929536504431e-01
-1.611466858369440813e-01
-9.441133593098711696e-01
1.246279401098549511e-01
-9.390247535438585036e-01
3.980363571128544553e-01
-9.298024434070352173e-01
6.522214077571049096e-01
-9.161435510239589464e-01
8.821203258177026107e-01
-8.976186107493133726e-01
1.084474219094444525e+00
-8.736815594850843025e-01
1.257715004966650785e+00
-8.436832791266523079e-01
1.401754116946364537e+00
-8.068897927658323921e-01
1.517703647463501948e+00
-7.625064652998405634e-01
1.607563530840331989e+00
-7.097097532748519733e-01
1.673907324145861519e+00
-6.476881538672665251e-01
1.719594345038164107e+00
-5.756939699784576758e-01
1.747528376529901228e+00
-4.931072727012382750e-01
1.760474325647180649e+00
-3.995129240239826407e-01
1.760935664930302069e+00
-2.947906309741456510e-01
1.751088421007819917e+00
-1.792166461275320477e-01
1.732762604441508980e+00
-5.357383426665662807e-02
1.707459446199314224e+00
8.073563849670914450e-02
1.676392329693648264e+00
2.215837148024314418e-01
1.640540347872963434e+00
3.660279849872262181e-01
1.600705373012862420e+00
5.102566574182230141e-01
1.557565870201591096e+00
6.495849153996839931e-01
1.511723014799691400e+00
7.785218358480057166e-01
1.463736735819562318e+00
8.909258450757767678e-01
1.414150972969860032e+00
9.802620477640910934e-01
1.363508668508433441e+00
1.039965886611843526e+00
1.312357837868846300e+00
1.063904244962137868e+00
1.261250528875212051e+00
1.046908035260420311e+00
1.210736655325522992e+00
9.853315557773592026e-01
1.161354646127948920e+00
8.775768428041054170e-01
1.113620651296341801e+00
7.245102943999918166e-01
1.068017748953753010e+00
5.296984986370045778e-01
1.024986252250259744e+00
2.994037158028133305e-01
9.849158615401656380e-01
4.230735775321592396e-02
9.481400755511415479e-01
-2.310311837924234890e-01
9.149329867254801796e-01
-5.089299320960107842e-01
8.855083530923169022e-01
-7.794658215248362332e-01
8.600206672243722039e-01
-1.031371137320678866e+00
8.385678312693050085e-01
-1.254831505623752674e+00
8.211949903864591560e-01
-1.442091426962223366e+00
8.078990668013117382e-01
-1.587809424639037514e+00
7.986335631744798658e-01
-1.689148551984609448e+00
7.933132568120929706e-01
-1.745628983921851507e+00
7.918184758240607302e-01
-1.758799378747589515e+00
7.939987264052288385e-01
-1.731798362252789714e+00
7.996755204112657722e-01
-1.668877080715112315e+00
8.086443295604420767e-01
-1.574941949746140102e+00
8.206756638193143383e-01
-1.455158745568055245e+00
8.355153351249896554e-01
-1.314640102924745868e+00
8.528840228911523935e-01
-1.158221990349854291e+00
8.724763047097792157e-01
-9.903227520625973446e-01
8.939593545277151332e-01
-8.148712023600584997e-01
9.169715415169497064e-01
-6.352873623756121191e-01
9.411211857298198424e-01
-4.544995904957267463e-01
9.659857408324380446e-01
-2.749838770794630349e-01
9.911116786250254718e-01
-9.881395263154824082e-02
1.016015343115979297e+00
7.228610863940493347e-02
1.040185021761797612e+00
2.368923424290031721e-01
1.063084446249976223e+00
3.938376588192633587e-01
1.084157883370783226e+00
5.421763899517171303e-01
1.102836907359055818e+00
6.811567957720088273e-01
1.118548859080009228e+00
8.102008184324556161e-01
1.130726896719199459e+00
9.288898259821055658e-01
1.138821431308506549e+00
1.036954798684738943e+00
1.142312624655926312e+00
1.134269327496368440e+00
1.140723515185292358e+00
1.220843866759593777e+00
1.133633238491004613e+00
1.296819873788126909e+00
1.120689734478032884e+00
1.362462743666182252e+00
1.101621291868099872e+00
1.418152777441122447e+00
1.076246282081218641e+00
1.464373775764737484e+00
1.044480483581946118e+00
1.501699198391102996e+00
1.006341496131689661e+00
1.530776145129343124e+00
9.619498885177831804e-01
1.552307672221851842e+00
9.115269046039266021e-01
1.567034142227538229e+00
8.553887576728986808e-01
1.575714405865626500e+00
7.939377552611280864e-01
1.579107630247522209e+00
7.276506976164019980e-01
1.577956527266268560e+00
6.570651646718407290e-01
1.572972613350852145e+00
5.827644338869283347e-01
1.564823966652407083e+00
5.053618439524549810e-01
1.554125761169840247e+00
4.254854325590655129e-01
1.541433669633688774e+00
3.437636318372969679e-01
1.527240055355698845e+00
2.608127101285414584e-01
1.511972730383972285e+00
1.772265153947880367e-01
1.495995950700675481e+00
9.356891847762650871e-02
1.479613251412392083e+00
1.036918890778550095e-02
1.463071694259388877e+00
-7.187962385872838367e-02
1.446567101564800062e+00
-1.527193737176132105e-01
1.430249878339636904e+00
-2.317227538801822639e-01
1.414231070291946502e+00
-3.084867639155685626e-01
1.398588362766375770e+00
-3.826240490103599012e-01
1.383371787785940832e+00
-4.537524918280048114e-01
1.368608968189432229e+00
-5.214834596695051561e-01
1.354309785489965501e+00
-5.854091233462612731e-01
1.340470408947589176e+00
-6.450892784890902565e-01
1.327076666017493745e+00
-7.000381243335231929e-01
1.314106768302881978e+00
-7.497114983460159143e-01
1.301533432610254337e+00
-7.934951355165544840e-01
1.289325454365350954e+00
-8.306946255164439075e-01
1.277448801490693953e+00
-8.605278840465603318e-01
1.265867302007507300e+00
-8.821211386499634433e-01
1.254542999272300730e+00
-8.945096520868465184e-01
1.243436246004610890e+00
-8.966446603051164699e-01
1.232505603112317605e+00
-8.874082710233645033e-01
1.221707602640782486e+00
-8.656383254034996089e-01
1.210996426676100191e+00
-8.301654263060044281e-01
1.200323546283805110e+00
-7.798644197866396732e-01
1.189637356983135108e+00
-7.137224962416865992e-01
1.178882840137284393e+00
-6.309256433074913462e-01
1.168001273167489140e+00
-5.309643005506834434e-01
1.156930005770083536e+00
-4.137575882055666843e-01
1.145602314358445062e+00
-2.797932661513409802e-01
1.133947342742562370e+00
-1.302775223079015721e-01
1.121890133539737766e+00
3.271521818596601072e-02
1.109351751902066141e+00
2.061068755455826573e-01
1.096249500762440876e+00
3.857139980724085815e-01
1.082497224854259033e+00
5.662035061786524492e-01
1.068005699171890033e+00
7.411325544883340388e-01
1.052683096243515637e+00
9.030990470257878044e-01
1.036435525535599700e+00
1.044024563573678899e+00
1.019167637467400356e+00
1.155580563633518798e+00
1.000783283871182761e+00
1.229751000879636180e+00
9.811862262929683665e-01
1.259500596133015460e+00
9.602808833088849472e-01
1.239490720430051818e+00
9.379731080651522168e-01
1.166759191207970003e+00
9.141709875763286419e-01
1.041263210245508386e+00
8.887856559829973024e-01
8.661835286871312212e-01
8.617321150244258154e-01
6.479081486843296656e-01
8.329300564692910802e-01
3.956562959991887785e-01
8.023046832075242385e-01
1.207623204756258506e-01
7.697875281683700388e-01
-1.642975930133847018e-01
7.353172732111312726e-01
-4.470014419097841363e-01
6.988405736384719624e-01
-7.158404838466920772e-01
6.603128979940826593e-01
-9.611909228584720744e-01
6.196993972963136255e-01
-1.175889300042950225e+00
5.769758227785882765e-01
-1.355464709391909439e+00
5.321295164892126950e-01
-1.498046122046389650e+00
4.851605046614578809e-01
-1.604014873793341067e+00
4.360827294921302277e-01
-1.675500453263051304e+00
3.849254607309395837e-01
-1.715820373824944456e+00
3.317349341202687207e-01
-1.728947674856974315e+00
2.765762690307425054e-01
-1.719061787451429124e+00
2.195357223517437062e-01
-1.690209324514245104e+00
1.607233394807076610e-01
-1.646077315699596921e+00
1.002760656692530672e-01
-1.589865464251053684e+00
3.836138144584098214e-02
-1.524236148310109229e+00
-2.481847642516515212e-02
-1.451319360114328605e+00
-8.902165298141959116e-02
-1.372752235535013243e+00
-1.539611276796408190e-01
-1.289737163582974189e+00
-2.192984549869649302e-01
-1.203107162847432354e+00
-2.846367930978287442e-01
-1.113391384945119134e+00
-3.495132593594706960e-01
-1.020876874904520504e+00
-4.133907044578570833e-01
-9.256650345414326742e-01
-4.756490699571407355e-01
-8.277227191090339442e-01
-5.355765901007892849e-01
-7.269287334872130968e-01
-5.923612241307163462e-01
-6.231168626116209142e-01
-6.450828653134541568e-01
-5.161166192881750936e-01
-6.927070727117790039e-01
-4.057927272802853702e-01
-7.340813157489911589e-01
-2.920840474717099622e-01
-7.679350115597068926e-01
-1.750422406455947599e-01
-7.928849682676337718e-01
-5.486996513095841743e-02
-8.074482135096407998e-01
6.804215260679810640e-02
-8.100645652043856337e-01
1.930811427610196196e-01
-7.991316528237014660e-01
3.193819039287161266e-01
-7.730553619908808738e-01
4.458045867131153472e-01
-7.303187640855199891e-01
5.709222293482679733e-01
-6.695723822887968968e-01
6.930220324361471285e-01
-5.897479756339242263e-01
8.101236707638806989e-01
-4.901966990085454556e-01
9.200176411090971174e-01
-3.708503066814544669e-01
1.020325734965108921e+00
-2.324008101006722060e-01
1.108584242664647945e+00
-7.648954750635300615e-02
1.182348449606118512e+00
9.410900095552746092e-02
1.239314486459259124e+00
2.753298171106142167e-01
1.277451875468939679e+00
4.617142054712543020e-01
1.295137528626663315e+00
6.463943764053347030e-01
1.291279947128896710e+00
8.212020075127256513e-01
1.265421418576648582e+00
9.769347287634582155e-01
1.217806512204440805e+00
1.103804677149289315e+00
1.149407354942528103e+00
1.192074118848632569e+00
1.061899974598146335e+00
1.232854270810384456e+00
9.575910329946656363e-01
1.219007071403917841e+00
8.392998490602580075e-01
1.146051355299726682e+00
7.102058447701300459e-01
1.012943695668108157e+00
5.736755399637916142e-01
8.225911299290209477e-01
4.330852755400833587e-01
5.819681396688983765e-01
2.916556253459962056e-01
3.017585167221483178e-01
1.523110802464115454e-01
-4.480026920455293382e-03
1.757458047245546995e-02
-3.215392322032328831e-01
-1.104983681220063074e-01
-6.339996842199011606e-01
-2.303460646851754889e-01
-9.276645511356553797e-01
-3.408915740835021801e-01
-1.190765911525872633e+00
-4.415051641828902085e-01
-1.414773204795621853e+00
-5.319464795298691762e-01
-1.594721266288293471e+00
-6.122947935500236971e-01
-1.729073985426651472e+00
-6.828747799033270116e-01
-1.819221580146902495e+00
-7.441837447505863512e-01
-1.868756088733428689e+00
-7.968245356005794200e-01
-1.882676002396022508e+00
-8.414466810916182427e-01
-1.866644815014307568e+00
-8.786969079212580969e-01
-1.826384592026133236e+00
-9.091791152707389134e-01
-1.767239781509671204e+00
-9.334231751049663073e-01
-1.693909303015160406e+00
-9.518615306891961003e-01
-1.610321276191767126e+00
-9.648124236164484779e-01
-1.519614301112443666e+00
-9.724686248839937708e-01
-1.424188740629682925e+00
-9.748907183920477726e-01
-1.325796911697285418e+00
-9.720042383227085470e-01
-1.225648945046257987e+00
-9.636002609828194787e-01
-1.124518921148123685e+00
-9.493393737721202985e-01
-1.022842456778874975e+00
-9.287592736075543920e-01
-9.208017650936188847e-01
-9.012865728805611321e-01
-8.183974160613641802e-01
-8.662537012584725638e-01
-7.155078921631095046e-01
-8.229220709264638556e-01
-6.119389322023461864e-01
-7.705128983370004292e-01
-5.074649118927083702e-01
-7.082472136004227536e-01
-4.018643771421365196e-01
-6.353965922483986173e-01
-2.949515007236546693e-01
-5.513459510300617872e-01
-1.866047864414672741e-01
-4.556692827056660344e-01
-7.679386053920442268e-02
-3.482183766417103477e-01
3.439529927313653146e-02
-2.292232928908530254e-01
1.467368252236299075e-01
-9.940155302010303395e-02
2.598436969487578629e-01
3.992935156627372417e-02
3.731497657443578753e-01
1.867444080193930434e-01
4.858964502206921665e-01
3.382199787502815913e-01
5.971257821833220181e-01
4.906738545640359495e-01
7.056816572062902804e-01
6.395538318709870218e-01
8.102211545905383394e-01
7.794935052840139544e-01
9.092375866556107189e-01
9.044530000725529151e-01
1.001096473903341888e+00
1.007958114428214813e+00
1.084084894113199748e+00
1.083442999328345868e+00
1.156473623925683425e+00
1.124688811405961664e+00
1.216590228143139774e+00
1.126334394435442032e+00
1.262899854189144744e+00
1.084416887822554632e+00
1.294089109847754049e+00
9.968834703743200132e-01
1.309147238143395509e+00
8.640044753413724798e-01
1.307438070841864253e+00
6.886172606286961040e-01
1.288756142388971959e+00
4.761427246659826196e-01
1.253361019831889189e+00
2.343428396656276336e-01
1.201985388799082344e+00
-2.717503165161039291e-02
1.135814634881878948e+00
-2.976597492520464128e-01
1.056438338477627692e+00
-5.660401970966792984e-01
9.657769107869307312e-01
-8.217652172469770422e-01
8.659891343420299537e-01
