2.500000000000000000e+00
2.490000000000000213e+00
2.512500000000000178e+00
2.502583333333333382e+00
2.515405092592592595e+00
2.505624705555555387e+00
2.506735428522055109e+00
2.497168867923516888e+00
2.484410407617967831e+00
2.475165004516715062e+00
2.446316831446182505e+00
2.437534749153435598e+00
2.390393945102840423e+00
2.382256587831998562e+00
2.314738460141733345e+00
2.307469387704642827e+00
2.217734737782809606e+00
2.211599738336389009e+00
2.098216069062165623e+00
2.093518501321196101e+00
1.955659540268555485e+00
1.952728727260857333e+00
1.790406168529749875e+00
1.789576941757944573e+00
1.603878717519288788e+00
1.605461656605205345e+00
1.398745979899927105e+00
1.402990666392619934e+00
1.178965618743333499e+00
1.186022784075384306e+00
9.496434480922015808e-01
9.595347456736295078e-01
7.166855664655763514e-01
7.292898703434984586e-01
4.862840344847285667e-01
5.013455283527346040e-01
2.643392443915211221e-01
2.814960951163285596e-01
5.594869369838578743e-02
7.477479505522852121e-02
-1.349336838722107745e-01
-1.148844389965542889e-01
-3.056263298223701463e-01
-2.847824716117324240e-01
-4.546615039243329104e-01
-4.334081347352921609e-01
-5.816038091998734227e-01
-5.602690063288204847e-01
-6.868168335633442201e-01
-6.656678485522263822e-01
-7.712325500825961688e-01
-7.504783120619082926e-01
-8.361542690090555396e-01
-8.159510593154917224e-01
-8.831035919673805301e-01
-8.635617176828616071e-01
-9.137090769779905308e-01
-8.948993508493053861e-01
-9.296286123525693279e-01
-9.115881739135560657e-01
-9.324964739632881638e-01
-9.152339121261469090e-01
-9.238873933543158001e-01
-9.073873126329816685e-01
-9.052920802173471948e-01
-8.895192787705363813e-01
-8.781006288125452475e-01
-8.630040050279388364e-01
-8.435917241472403738e-01
-8.291079554841058741e-01
-8.029264934637003748e-01
-7.889834696051810647e-01
-7.571463200087112932e-01
-7.436662762138751548e-01
-7.071740995975147603e-01
-6.940763867688087840e-01
-6.538184199068645119e-01
-6.410218593127832154e-01
-5.977800869006156814e-01
-5.852048810194119266e-01
-5.396603796145433840e-01
-5.272295779127753601e-01
-4.799704141732917817e-01
-4.676109576173751448e-01
-4.191410445998490220e-01
-4.067844317236638529e-01
-3.575328110276967397e-01
-3.451154401572402719e-01
-2.954455490564799058e-01
-2.829087961918566596e-01
-2.331273814812269141e-01
-2.204174726665811823e-01
-1.707829134706741192e-01
-1.578506459010166618e-01
-1.085805371013793957e-01
-9.538089632206289692e-02
-4.665881778251127626e-02
-3.315053045641871976e-02
1.486801653360319414e-02
2.872296271477227381e-02
7.590543047017364597e-02
9.014227544377356738e-02
1.363747092974649244e-01
1.510263999080310171e-01
1.962097804578628590e-01
2.113074276610475977e-01
2.553546483492720731e-01
2.709279538282040045e-01
3.137613663783332951e-01
3.298390132610160563e-01
3.713884773742163192e-01
3.879984820995457384e-01
4.281998618530840628e-01
4.453698858975053687e-01
4.841639422029132556e-01
5.019215634923827052e-01
5.392531988087244654e-01
5.576261433279596780e-01
5.934439608993182791e-01
6.124602953774738179e-01
6.467164400881763031e-01
6.664047267690476062e-01
6.990549779494149574e-01
7.194443924038640414e-01
7.504484803501256795e-01
7.715688930951455360e-01
8.008910105567783599e-01
8.227730329249480778e-01
8.503825103097018001e-01
8.730575045607158469e-01
8.989296131438357929e-01
9.224296662046588269e-01
9.465465073289369702e-01
9.709043667541836786e-01
9.932557971025584020e-01
1.018504766813702833e+00
1.039089300677708216e+00
1.065263092714310078e+00
1.084088712251630948e+00
1.111221249096937758e+00
1.128306043483616294e+00
1.156431203469397540e+00
1.171803748342693519e+00
1.200955044178007025e+00
1.214654424667736432e+00
1.244864602299929679e+00
1.256939977150611787e+00
1.288240519043507781e+00
1.298750120734992741e+00
1.331170634414851728e+00
1.340180101642744148e+00
1.373747571305838244e+00
1.381327516427690361e+00
1.416065392952722046e+00
1.422288118640992138e+00
1.458215222099781938e+00
1.463150518914042353e+00
1.500279728407972302e+00
1.503989708629642985e+00
1.542326417982025966e+00
1.544859371120371971e+00
1.584399696809604574e+00
1.585782989033470924e+00
1.626511730109093667e+00
1.626743814043724257e+00
1.668632184067799784e+00
1.667673837827744254e+00
1.710677017508779096e+00
1.708441993852258367e+00
1.752496591057078668e+00
1.748841930869799999e+00
1.793863482467495496e+00
1.788579833304370981e+00
1.834460539877612151e+00
1.827262921587418543e+00
1.873869868415829920e+00
1.864389444449513933e+00
1.911563624240190773e+00
1.899341167483141302e+00
1.946897671893728532e+00
1.931379552797173993e+00
1.979109325684806908e+00
1.959646988533839229e+00
2.007320513687909980e+00
1.983174528887180488e+00
2.030547734327771803e+00
2.000897599485132350e+00
2.047720074141717195e+00
2.011680957780076717e+00
2.057706275321199652e+00
2.014353823102134289e+00
2.059351348725705133e+00
2.007755468895729312e+00
2.051522513881438581e+00
1.990790689653057832e+00
2.033163343280244728e+00
1.962493445552272897e+00
2.003353971919243470e+00
1.922095723222439601e+00
1.961374222437205717e+00
1.869097350229278476e+00
1.906765626328132957e+00
1.803331317934078637e+00
1.839387709710421648e+00
1.725018281371736517e+00
1.759463627593112145e+00
1.634803515591356504e+00
1.667610293187840265e+00
1.533769937236106884e+00
1.564848566729201584e+00
1.423422078159409576e+00
1.452589901096937197e+00
1.305638300913668060e+00
1.332597235039513439e+00
1.182592065318105901e+00
1.206920053147213290e+00
1.056647334581146902e+00
1.077806429068625560e+00
9.302374618663032946e-01
9.475982281566184273e-01
8.057400348826044834e-01
8.186187452781779061e-01
6.853611579288284572e-01
6.930639357517831556e-01
5.710410353278720930e-01
5.729082789202095682e-01
4.643888308252986930e-01
4.598340035042380869e-01
3.666496907656487947e-01
3.551884603726214173e-01
2.787019013238762888e-01
2.599699411567348850e-01
2.010785204614328470e-01
1.748383651693725116e-01
1.340060078476209560e-01
1.001447757395175914e-01
7.745227252643673010e-02
3.597271788265120340e-02
3.117766440155864821e-02
-1.781495570119197291e-02
-5.215870145436285465e-03
-6.152900130598348838e-02
-3.224048736274756632e-02
-9.560997389122477541e-02
-5.048451696987886483e-02
-1.205897323647583952e-01
-6.058131392615608707e-02
-1.370591010943916221e-01
-6.318458698842435717e-02
-1.456416939961598100e-01
-5.894951065220233738e-02
-1.469734077674378914e-01
-4.851876959712612958e-02
-1.416868492220951237e-01
-3.251267376218262145e-02
-1.303998949217460290e-01
-1.152255148920333302e-02
-1.137076181878391018e-01
1.389326744550283682e-02
-9.217690671048012208e-02
4.321145521735895306e-02
-6.634319916142357443e-02
7.594414741551505643e-02
-3.670887183350508842e-02
1.116382431903681360e-01
-3.742896911626977796e-03
1.498738487804625874e-01
3.211853056480274554e-02
1.902621074226719111e-01
7.047063926835125947e-02
2.324426093195192666e-01
1.109381959545855806e-01
2.760805363507909393e-01
1.531732443678065214e-01
3.208636657783082713e-01
1.968525960728851332e-01
3.664993338449810123e-01
2.416751777038516069e-01
4.127114427732558322e-01
2.873593213459021412e-01
4.592375823289954195e-01
3.336400711965749055e-01
5.058263290937972112e-01
3.802665696400607809e-01
5.522347822095380332e-01
4.269995789419952503e-01
5.982263929462516838e-01
4.736091905314163686e-01
6.435691462550037212e-01
5.198727718814663001e-01
6.880341546425672306e-01
5.655732008713615366e-01
7.313947272332417260e-01
6.104974386477128867e-01
7.734259785791108843e-01
6.544354937096943381e-01
8.139050412811404955e-01
6.971798313756781829e-01
8.526119422794234959e-01
7.385252829504356242e-01
8.893311931716140206e-01
7.782695066648761539e-01
9.238541285742143394e-01
8.162140465707325987e-01
9.559820020205769264e-01
8.521660247857005821e-01
9.855298153183607024e-01
8.859404856412317342e-01
1.012330814539309287e+00
9.173633864836115981e-01
1.036241534812927023e+00
9.462751986772315327e-01
1.057147219110765590e+00
9.725350440059599144e-01
1.074967377039609318e+00
9.960252473358158776e-01
1.089661193657751159e+00
1.016656138375686469e+00
1.101232452140904483e+00
1.034370887149193230e+00
1.109733605143137902e+00
1.049150114016256241e+00
1.115268625148752468e+00
1.061015981278189857e+00
1.117994289876249159e+00
1.070035455436725735e+00
1.118119618120912540e+00
1.076322432512933913e+00
1.115903263747086704e+00
1.080038447574050986e+00
1.111648795752314456e+00
1.081391745549241223e+00
1.105697930717293165e+00
1.080634572185474429e+00
1.098421927065837744e+00
1.078058646669788123e+00
1.090211482872296189e+00
1.073988892637764980e+00
1.081465585230916071e+00
1.068775620945788818e+00
1.072579826993272478e+00
1.062785463387448948e+00
1.063934728480730785e+00
1.056391439710925306e+00
1.055884576323849799e+00
1.049962591501959697e+00
1.048747223980148302e+00
1.043853630377683528e+00
1.042795199182769084e+00
1.038395023998199607e+00
1.038248346421086321e+00
1.033883886035448230e+00
1.035268112434786669e+00
1.030575953874975470e+00
1.033953473283990121e+00
1.028678841460488602e+00
1.034338413574281246e+00
1.028346656107844481e+00
1.036390808721554313e+00
1.029675978202061470e+00
1.040012532550719015e+00
1.032703130147181625e+00
1.045040614265724699e+00
1.037402611545795272e+00
1.051249297371043001e+00
1.043686554052974280e+00
1.058352903065465256e+00
1.051405051622433140e+00
1.066009465466217998e+00
1.060347247694348294e+00
1.073825178656928614e+00
1.070243106469936478e+00
1.081359768501352958e+00
1.080765855978069290e+00
1.088132967517681626e+00
1.091535160695450868e+00
1.093632320369650079e+00
1.102121154988189966e+00
1.097322571484868448e+00
1.112049538848033148e+00
1.098656875118251719e+00
1.120807996580498234e+00
1.097090011911523888e+00
1.127854238301720713e+00
1.092093685819385041e+00
1.132625973003236197e+00
1.083173805386684618e+00
1.134553089156125738e+00
1.069889423762544256e+00
1.133072232756989095e+00
1.051872731575271391e+00
1.127643823298464021e+00
1.028849187148604072e+00
1.117771329525234725e+00
1.000656565068521076e+00
1.103022340997129369e+00
9.672614561124697197e-01
1.083050632375303524e+00
9.287716175285206655e-01
1.057618054633247651e+00
8.854426107934980639e-01
1.026614748318025017e+00
8.376774181508922501e-01
9.900759215377669120e-01
7.860182129264361439e-01
9.481933409068958873e-01
7.311301415752943234e-01
9.013198133516279187e-01
6.737777786854270978e-01
8.499653326276823684e-01
6.147957204566619760e-01
7.947842252680208386e-01
5.550554504280847956e-01
7.365534978201097038e-01
4.954310207846640557e-01
6.761435442057797118e-01
4.367661673683602142e-01
6.144832620569365966e-01
3.798452079838898210e-01
5.525222869189947428e-01
3.253695224515871232e-01
4.911933558811542033e-01
2.739406910933203099e-01
4.313777013811863625e-01
2.260506081843292880e-01
3.738758828042457738e-01
1.820782081567073607e-01
3.193856964187318792e-01
1.422919282741318958e-01
2.684879166004061624e-01
1.068567189835926828e-01
2.216397698894668200e-01
7.584429648392541912e-02
1.791753515397170038e-01
4.924537571667610136e-02
1.413117309889465878e-01
2.698277623725455626e-02
1.081592708796108027e-01
8.924507780877652396e-03
7.973467263051765841e-02
-5.103825553638354981e-03
5.597540391176842461e-02
-1.530774398249821512e-02
3.675439712069190207e-02
-2.191398599640451833e-02
2.189417754378871622e-02
-2.516207935670943321e-02
1.117984377759030992e-02
-2.529737925111917932e-02
4.370555134829514667e-03
-2.256548735589669272e-02
1.209368642433989414e-03
-1.720791852215356604e-02
1.431409243435524149e-03
-9.458857645811911963e-03
4.770454588811485173e-03
4.571580956469790957e-04
1.096407717255384884e-02
1.232679227872582675e-02
1.975751935817644800e-02
2.594884665285439665e-02
3.090648857545165093e-02
4.113471638290072674e-02
4.417905712882948949e-02
5.770847907222881323e-02
5.935683889255830015e-02
7.550671583730080016e-02
7.623559766802834314e-02
9.437814586023687835e-02
9.462542204602847340e-02
1.141831404612795309e-01
1.143505812494258478e-01
1.347931691191480430e-01
1.352491569260935445e-01
1.560902181196046623e-01
1.571725279870321845e-01
1.779662125847937815e-01
1.799847697303596505e-01
2.003224643937932259e-01
2.035620147852252315e-01
2.230691617657572789e-01
2.277918118045093865e-01
2.461249108380842987e-01
2.525725081784616077e-01
2.694163352288941882e-01
2.778126751216932755e-01
2.928777361323657846e-01
3.034305870668310701e-01
3.164508127820743755e-01
3.293537621412599425e-01
3.400844409784349320e-01
3.555185663829211751e-01
3.637345056822818279e-01
3.818698810625112960e-01
3.873637823213248454e-01
4.083608298437481077e-01
4.109418603554360616e-01
4.349525603788936268e-01
4.344451017360071443e-01
4.616140731783879847e-01
4.578566261269299553e-01
4.883220891110858219e-01
4.811663140977511799e-01
5.150609456073608206e-01
5.043708189327631430e-01
5.418225104926974733e-01
5.274735772117243870e-01
5.686061013317583734e-01
5.504848079031187114e-01
5.954183971823352461e-01
5.734214893671017998e-01
6.222733287243059630e-01
5.963073033906410858e-01
6.491919318259233851e-01
6.191725351676380384e-01
6.762021487265363895e-01
6.420539179831775689e-01
7.033385601395165665e-01
6.649944112479749814e-01
7.306420306981822321e-01
6.880429004330299581e-01
7.581592492641852088e-01
7.112538073431716734e-01
7.859421446721769344e-01
7.346865990008180081e-01
8.140471564746490918e-01
7.584051831400324684e-01
8.425343391560268236e-01
7.824771778835936109e-01
8.714662770916610235e-01
8.069730425398800033e-01
9.009067862370747637e-01
8.319650555652420287e-01
9.309193771747648061e-01
8.575261245581095038e-01
9.615654527923456207e-01
8.837284116738489681e-01
9.929022126525400838e-01
9.106417561007923434e-01
1.024980235266445217e+00
9.383318732954023522e-01
1.057840709338507379e+00
9.668583086848692165e-01
1.091512286108395013e+00
9.962721217458007095e-01
1.126007527853814194e+00
1.026613275110765500e+00
1.161318933347477600e+00
1.057907703136590438e+00
1.197414530747813677e+00
1.090164035859967129e+00
1.234233043492793946e+00
1.123369958342718800e+00
1.271678656981572342e+00
1.157488193179575742e+00
1.309615445122669808e+00
1.192452106765025333e+00
1.347861558274615179e+00
1.228160959401693786e+00
1.386183329695404920e+00
1.264474847303001415e+00
1.424289527919797349e+00
1.301209422941760119e+00
1.461826068140303470e+00
1.338130530916774585e+00
1.498371595689210078e+00
1.374948961104695000e+00
1.533434465572740546e+00
1.411315600110524260e+00
1.566451756538292495e+00
1.446817355308032571e+00
1.596791064442342201e+00
1.480974330242974091e+00
1.623755900071627511e+00
1.513238839832834248e+00
1.646595547201766152e+00
1.542996958334569735e+00
1.664520188084422037e+00
1.569573376886319371e+00
1.676721942864562109e+00
1.592240389081503116e+00
1.682402164851250381e+00
1.610231795324718496e+00
1.680804861544383577e+00
1.622762388356084218e+00
1.671255466281885482e+00
1.629053421514708777e+00
1.653203391084095308e+00
1.628364041893126224e+00
1.626265911629836802e+00
1.620028080896757539e+00
1.590270080956362353e+00
1.603494848845919973e+00
1.545288694575186916e+00
1.578371729267942447e+00
1.491666019711874513e+00
1.544465509536821823e+00
1.430029233745921946e+00
1.501818662033435947e+00
1.361282415657357081e+00
1.450736384266251289e+00
1.286581512434306074e+00
1.391800303972488884e+00
1.207290816415795387e+00
1.325865501123894674e+00
1.124923828597116593e+00
1.254038937348699090e+00
1.041073513480640145e+00
1.177639405449325993e+00
9.573384192258023173e-01
1.098141433865258865e+00
8.752516025360453922e-01
1.017107779600719519e+00
7.962186502287912360e-01
9.361167517453492515e-01
7.214694920596479433e-01
8.566912530591914710e-01
6.520265380495251506e-01
7.802359550166091395e-01
5.886894297521884090e-01
7.079875557970534139e-01
5.320347981542117299e-01
6.409809732302930163e-01
4.824281408843933416e-01
5.800320748104245139e-01
4.400443425165250222e-01
5.257355902179183804e-01
4.048933758012449036e-01
4.784754836726293203e-01
3.768481580783283325e-01
4.384443836933453187e-01
3.556721952925526176e-01
4.056686065241080774e-01
3.410453565496906481e-01
3.800356946780990008e-01
3.325867700536941918e-01
3.613220235433923788e-01
3.298743566952402895e-01
3.492187326859051977e-01
3.324609036598196177e-01
3.433548928338139850e-01
3.398868375510307183e-01
3.433173584352643970e-01
3.516900083251813247e-01
3.486671575293694425e-01
3.674128689076710530e-01
3.589525427660154588e-01
3.866074555937770718e-01
3.737189918015971779e-01
4.088385613984811262e-01
3.925165285323208852e-01
4.336854633883490684e-01
4.149047636744098155e-01
4.607425260436430747e-01
4.404560446558491438e-01
4.896189625159487746e-01
4.687570761822554832e-01
5.199379982068517148e-01
4.994093351003932035e-01
5.513356484452028861e-01
5.320285635063567442e-01
5.834592949612076307e-01
5.662435868597472943e-01
6.159662242821558609e-01
6.016946716447089116e-01
6.485222744837825237e-01
6.380316110081181158e-01
6.808007239073726735e-01
6.749117070542198782e-01
7.124815451834529689e-01
7.119978047151430678e-01
7.432511386350207916e-01
7.489565235187847225e-01
7.728026491165699285e-01
7.854568289233671008e-01
8.008369576882535812e-01
8.211690826008244404e-01
8.270644222830165759e-01
8.557647091831789288e-01
8.512074178390077739e-01
8.889166132298789158e-01
8.730036946648500606e-01
9.203004718968319509e-01
8.922105330534905177e-01
9.495970131280893067e-01
9.086096221967342457e-01
9.764953632451014442e-01
9.220125333142876745e-01
1.000697508929862423e+00
9.322665931453681942e-01
1.021923864823288897e+00
9.392608988167204798e-01
1.039919868548424553e+00
9.429321545715844133e-01
1.054463441016139313e+00
9.432699623156075575e-01
1.065373054911981976e+00
9.403211695685127491e-01
1.072516054716322609e+00
9.341928780908081986e-01
1.075816776906292072e+00
9.250537504473292927e-01
1.075263941176543447e+00
9.131333232431828595e-01
1.070916736199141406e+00
8.987191434853762928e-01
1.062909019981601588e+00
8.821516820395091107e-01
1.051451105986547008e+00
8.638171338459365023e-01
1.036828717225334762e+00
8.441383727065396858e-01
1.019398859183967332e+00
8.235644712821563740e-01
9.995825771918602776e-01
8.025593073960225476e-01
9.778548042707793098e-01
7.815898423774881865e-01
9.547317444143926801e-01
7.611146685590027827e-01
9.307564437440326577e-01
7.415733810076056143e-01
9.064833506366031246e-01
7.233772401573883570e-01
8.824627359611491029e-01
7.069014699366361620e-01
8.592258277531736876e-01
6.924793962239395029e-01
8.372714157965124304e-01
6.803984894283719997e-01
8.170545172497618580e-01
6.708982469790517600e-01
7.989774893749516105e-01
6.641697469679742616e-01
7.833837574852141605e-01
6.603566288969526799e-01
7.705541214266251604e-01
6.595572127055835399e-01
7.607054324317270577e-01
6.618274506089285580e-01
7.539913062619166828e-01
6.671844129034021353e-01
7.505044622413472588e-01
6.756100327654027682e-01
7.502802482227934888e-01
6.870548700134395670e-01
7.533009211144524597e-01
7.014416943378439795e-01
7.595002913464048433e-01
7.186687302433470981e-01
7.687683972474096405e-01
7.386124458006155802e-01
7.809559425656849019e-01
7.611298034065616669e-01
7.958783001099628551e-01
7.860599223301686367e-01
8.133189517687485770e-01
8.132251299480676154e-01
8.330322971628443263e-01
8.424314019603342807e-01
8.547458188198937545e-01
8.734682126565603832e-01
8.781616412203540056e-01
9.061078358642559172e-01
9.029575653255483836e-01
9.401041570573345219e-01
9.287877005691760335e-01
9.751910787218261989e-01
9.552828540240776434e-01
1.011080625827031731e+00
9.820508723937466655e-01
1.047460887223389037e+00
1.008677166762004251e+00
1.083993962637978203e+00
1.034725681817916909e+00
1.120314123669610140e+00
1.059740598479129492e+00
1.156026439885190049e+00
1.083249077964970830e+00
1.190706165641454373e+00
1.104765361404299151e+00
1.223899225880687780e+00
1.123796525548165448e+00
1.255124174264817372e+00
1.139850154553454509e+00
1.283876016912988582e+00
1.152444112220143868e+00
1.309632289922626702e+00
1.161118481489509913e+00
1.331861737379759436e+00
1.165449574086459883e+00
1.350035846684611185e+00
1.165065703485280713e+00
1.363643348882612516e+00
1.159664166917584893e+00
1.372207576242725269e+00
1.149028614696386841e+00
1.375306287693374152e+00
1.133045726517949436e+00
1.372593236000776651e+00
1.111719903804819332e+00
1.363820384195795210e+00
1.085184570494815315e+00
1.348859324334999776e+00
1.053708697507072634e+00
1.327720165770045924e+00
1.017697363313583292e+00
1.300566008487457070e+00
9.776855471034733291e-01
1.267721163891921021e+00
9.343249019749091389e-01
1.229671577684568584e+00
8.883639165504422230e-01
1.187056460061854724e+00
8.406225552410322432e-01
1.140650901970052589e+00
7.919630635521668349e-01
1.091340164209243735e+00
7.432590341110671961e-01
1.040087236559729567e+00
6.953649800392639468e-01
9.878960249964203744e-01
6.490885316077646960e-01
9.357729997698917002e-01
6.051669905517529369e-01
8.846902392196529519e-01
5.642494199738511407e-01
8.355525210425677196e-01
5.268848172745345115e-01
7.891705088090966713e-01
4.935163139328324067e-01
7.462412796396882264e-01
4.644808489272805874e-01
7.073365867206320434e-01
4.400134184042351904e-01
6.728984835146115673e-01
4.202548240384023637e-01
6.432413512177566073e-01
4.052618092137754702e-01
6.185590114155511410e-01
3.950185512191869419e-01
5.989354675939643213e-01
3.894486286258327379e-01
5.843578631296261205e-01
3.884267681380670356e-01
5.747304135962532090e-01
3.917898645625228493e-01
5.698883103064432687e-01
3.993469408071978477e-01
5.696108516694579071e-01
4.108878606840183356e-01
5.736333047586871237e-01
4.261907215595401310e-01
5.816572111670866851e-01
4.450279372913150122e-01
5.933590202625388388e-01
4.671710779802537572e-01
6.083970591499500147e-01
4.923945667341682597e-01
6.264169368189995701e-01
5.204783499771854505e-01
6.470555372601111133e-01
5.512096615632203767e-01
6.699437904158502821e-01
5.843839960792456267e-01
6.947084277395538798e-01
6.198053965073251348e-01
7.209729367343991058e-01
6.572861483840726216e-01
7.483579306673180387e-01
6.966459586724668140e-01
7.764811488714811194e-01
7.377106841848873886e-01
8.049573015999159642e-01
7.803106626588558470e-01
8.333979720742757946e-01
8.242786903429329959e-01
8.614117869685048445e-01
8.694476839101618060e-01
8.886050639268634477e-01
9.156480623147700282e-01
9.145831388422324126e-01
9.627048864439126108e-01
9.389525637778008971e-01
1.010434801665510696e+00
9.613243452968118774e-01
1.058642841164118220e+00
9.813183589657407113e-01
1.107119166706426183e+00
9.985690254270602750e-01
1.155635848380296871e+00
1.012732263913071362e+00
1.203943815708975906e+00
1.023493649070664313e+00
1.251770148540648497e+00
1.030577587519343474e+00
1.298815915538444443e+00
1.033757205960957215e+00
1.344754808013519431e+00
1.032864511183072542e+00
1.389232852782566585e+00
1.027800256530745138e+00
1.431869513436456964e+00
1.018542845814843112e+00
1.472260496775990690e+00
1.005155543068303459e+00
1.509982560516847316e+00
9.877912538187533231e-01
1.544600559184537980e+00
9.666942156988539425e-01
1.575676857531306041e+00
9.421980906203762940e-01
1.602783077773607401e+00
9.147201833774913915e-01
1.625513927222117738e+00
8.847518049070012269e-01
1.643502584346809403e+00
8.528451219740978972e-01
1.656436824096906291e+00
8.195971488259651272e-01
1.664074771453823098e+00
7.856317975409420340e-01
1.666258932873609044e+00
7.515810748593164670e-01
1.662927023907761370e+00
7.180665697293251437e-01
1.654118142389123580e+00
6.856823114342653902e-01
1.639973070770472052e+00
6.549799061920936749e-01
1.620727941035465358e+00
6.264566098711273900e-01
1.596701134037292968e+00
6.005467047172371453e-01
1.568274041639149408e+00
5.776162588453196411e-01
1.535867087793753916e+00
5.579610928217365595e-01
1.499913059346595690e+00
5.418075811870217695e-01
1.460830223669454142e+00
5.293157888507697972e-01
1.418997829268866306e+00
5.205843820286403245e-01
1.374736373462746908e+00
5.156567513588032892e-01
1.328294513815797551e+00
5.145278268024945367e-01
1.279843781262021585e+00
5.171511343236878666e-01
1.229481432503962246e+00
5.234457288237917005e-01
1.177240967457690912e+00
5.333027248209956106e-01
1.123109124326679531e+00
5.465912276983876383e-01
1.067047610408785374e+00
5.631635390061985325e-01
1.009017461559378104e+00
5.828595669828136039e-01
9.490037561328233950e-01
6.055104178443637686e-01
8.870384366305065216e-01
6.309411754944121986e-01
8.232192047228398257e-01
6.589728988928311715e-01
7.577228383767916631e-01
6.894238795044539403e-01
6.908118100794437000e-01
7.221102081907229131e-01
6.228337239900144651e-01
7.568457036751433664e-01
5.542137795187029869e-01
7.934412551903992084e-01
4.854411344567051145e-01
8.317036317881082441e-01
4.170506000653617096e-01
8.714338115635283932e-01
3.496014793999503434e-01
9.124248870597628791e-01
2.836555098068587188e-01
9.544596095723612006e-01
2.197557800120533145e-01
9.973076460406872235e-01
1.584081915894822723e-01
1.040722638583971627e+00
1.000665875183469472e-01
1.084439179174087275e+00
4.512215855509812967e-02
1.128169840724593254e+00
-6.102757948745381189e-03
1.171602440755682428e+00
-5.335678819599895539e-02
1.214397753706120797e+00
-9.645814009356769303e-02
1.256187930741227810e+00
-1.352904964341316574e-01
1.296575927949886298e+00
-1.697969996524537617e-01
1.335136279788138980e+00
-1.999731010419235344e-01
1.371417577220986672e+00
-2.258589414944038309e-01
1.404947010032451482e+00
-2.475317927212199454e-01
1.435237299522302834e+00
-2.650989420569351274e-01
1.461796270096824113e+00
-2.786912677720355114e-01
1.484139176124191994e+00
-2.884576357582107065e-01
1.501803707618232009e+00
-2.945601571082968051e-01
1.514367345467004577e+00
-2.971702798597549711e-01
1.521466434920661914e+00
-2.964656446807835688e-01
1.522816018868384802e+00
-2.926276098111560420e-01
1.518229158277618618e+00
-2.858393409015900777e-01
1.507634216678099826e+00
-2.762843624267067311e-01
1.491088455978334615e+00
-2.641454754510266234e-01
1.468786335893966566e+00
-2.496039587113816349e-01
1.441061165664680344e+00
-2.328389839180319276e-01
1.408379230734113863e+00
-2.140271901768495133e-01
1.371326174247556207e+00
-1.933423753549548540e-01
1.330586176806230370e+00
-1.709552733684188697e-01
1.286915238271336248e+00
-1.470333954387511577e-01
1.241110500545755890e+00
-1.217409202876289231e-01
1.193977952908516826e+00
-9.523862314446970845e-02
1.146300965045997877e+00
-6.768383657266013875e-02
1.098811887966084422e+00
-3.923043778147201205e-02
1.052168498540121178e+00
-1.002885760410807472e-02
1.006936432872916676e+00
1.977389400126482871e-02
9.635780701841467621e-01
5.003419195039732204e-02
9.224476985531977480e-01
8.061175674926954193e-02
8.837922950783371201e-01
1.113696204554093377e-01
8.477569260886387292e-01
1.421741076771291246e-01
8.143936213210737352e-01
1.728948424974077469e-01
7.836725746367828593e-01
2.034047930305891705e-01
7.554946324452310735e-01
2.335803657866894756e-01
7.297042052225259923e-01
2.633015620592004113e-01
7.061019378083007725e-01
2.924522081040577537e-01
6.844566704403636237e-01
3.209202698804866083e-01
6.645163953034557425e-01
3.485982615238513715e-01
6.460180528790990806e-01
3.753837544690142303e-01
6.286961160984955166e-01
4.011799912057926187e-01
6.122899806265815759e-01
4.258966040128817632e-01
5.965502216860301132e-01
4.494504347011710754e-01
5.812437979177329517e-01
4.717664464617546960e-01
5.661582871516220861e-01
4.927787134705814420e-01
5.511052333163013461e-01
5.124314681242093661e-01
5.359226728405098727e-01
5.306801799093713301e-01
5.204768965947006443e-01
5.474926342487203001e-01
5.046634925094197754e-01
5.628499745801107679e-01
4.884077063962127818e-01
5.767476668228945780e-01
4.716641552600454035e-01
5.891963426841390072e-01
4.544159288569637467e-01
6.002224773646814837e-01
4.366731210935757002e-01
6.098688584848429572e-01
4.184708422229899139e-01
6.181948067045022199e-01
3.998667743953513432e-01
6.252761146582587193e-01
3.809383454494374432e-01
6.312046793788564925e-01
3.617796072867643931e-01
6.360878140541041947e-01
3.424979142534032017e-01
6.400472372634259388e-01
3.232105024337045829e-01
6.432177510961168965e-01
3.040410717960259634e-01
6.457456329519712934e-01
2.851164693608239098e-01
6.477867784803602591e-01
2.665635631197939559e-01
6.495046441461143072e-01
2.485063839100760119e-01
6.510680465299690800e-01
2.310635967905583232e-01
6.526488810566924981e-01
2.143463458604490390e-01
6.544198250045065723e-01
1.984564981724617483e-01
6.565520882612247977e-01
1.834852946401422658e-01
6.592132705053810326e-01
1.695123996684086976e-01
6.625653757039595693e-01
1.566053274470088075e-01
6.667630246311510023e-01
1.448192119486868823e-01
6.719518942548700080e-01
1.341968798879698554e-01
6.782674000936891323e-01
1.247691811831458247e-01
6.858336247795902008e-01
1.165555295746412423e-01
6.947624837499563055e-01
1.095646065914342993e-01
7.051531077827222216e-01
1.037951845422166453e-01
7.170914123718675759e-01
9.923702812994805722e-02
7.306498159449902330e-01
9.587183915447355931e-02
7.458870627308300527e-01
9.367421413506971106e-02
7.628481016521667657e-01
9.261259018026449241e-02
7.815639698250427259e-01
9.265015976217058635e-02
8.020516279240210711e-01
9.374574000219502989e-02
8.243136946619840089e-01
9.585458650268931236e-02
8.483380288111653789e-01
9.892914558623765175e-02
8.740971095190899209e-01
1.029197420033444860e-01
9.015471692214120925e-01
1.077752017517683292e-01
9.306270384374356608e-01
1.134434116557899996e-01
9.612566685323309379e-01
1.198718188381713567e-01
9.933353077034289269e-01
1.270078742479142098e-01
1.026739317746886204e+00
1.347994250528702365e-01
1.061319635520012739e+00
1.431950610360827325e-01
1.096898904525781981e+00
1.521444202122005374e-01
1.133268329901027327e+00
1.615984587626453362e-01
1.170184345475359322e+00
1.715096901252460282e-01
1.207365225498428396e+00
1.818323977079165654e-01
1.244487826700932498e+00
1.925228252613958024e-01
1.281184708379090598e+00
2.035393484710749379e-01
1.317041947758915255e+00
2.148426308345312286e-01
1.351598041792643867e+00
2.263957663965260048e-01
1.384344359120756485e+00
2.381644114296970483e-01
1.414727668504967673e+00
2.501169066864401547e-01
1.442155310399415136e+00
2.622243914124164355e-01
1.466003580698826081e+00
2.744609099096942950e-01
1.485629841338781620e+00
2.868035110712865432e-01
1.500388741267792314e+00
2.992323409813144042e-01
1.509652705023198482e+00
3.117307283880494939e-01
1.512836512691785318e+00
3.242852626119417381e-01
1.509425354722453871e+00
3.368858632482698567e-01
1.499005217275896307e+00
3.495258408646382819e-01
1.481293883080512019e+00
3.622019477770552776e-01
1.456170291857413979e+00
3.749144179140014299e-01
1.423699591452713520e+00
3.876669947441844233e-01
1.384151038130560174e+00
4.004669462480858200e-01
1.338006077157225748e+00
4.133250659523182713e-01
1.285954521465106248e+00
4.262556591143439322e-01
1.228877747560402467e+00
4.392765132369645387e-01
1.167819153815849775e+00
4.524088521993994139e-01
1.103943593551708569e+00
4.656772734053990503e-01
1.038488854260762428e+00
4.791096674578537717e-01
9.727132443715085230e-01
4.927371199614292152e-01
9.078437681054342123e-01
5.065937951162149400e-01
8.450291340812068341e-01
5.207168007813218757e-01
7.853010165135860809e-01
5.351460346418935865e-01
7.295457576561642510e-01
5.499240109893759332e-01
6.784873238269990559e-01
5.650956674058036366e-01
6.326810578211814473e-01
5.807081503106191755e-01
5.925167947624849774e-01
5.968105778653375326e-01
5.582293165187672823e-01
6.134537781195076311e-01
5.299139075363528129e-01
6.306899995036089335e-01
5.075448708403685893e-01
6.485725898141985191e-01
4.909951638660079443e-01
6.671556386784401882e-01
4.800557162919590892e-01
6.864935771156295274e-01
4.744534124173363510e-01
7.066407262218654672e-01
4.738671027832858651e-01
7.276507851843172503e-01
4.779413241822363934e-01
7.495762467837366883e-01
4.862976450615179025e-01
7.724677262775597741e-01
4.985437191624192965e-01
7.963731870943753233e-01
5.142802355972847517e-01
8.213370441563817570e-01
5.331060123545313667e-01
8.473991229494975963e-01
5.546215057972246898e-01
8.745934497880374359e-01
5.784310124632117134e-01
9.029468462294172326e-01
6.041438302917515601e-01
9.324772985075123755e-01
6.313746307976794148e-01
9.631920714800299432e-01
6.597432761118084965e-01
9.950855363429437217e-01
6.888742979356136109e-01
1.028136682804717372e+00
7.183962407164236064e-01
1.062306290245503604e+00
7.479410590892415778e-01
1.097533739506102668e+00
7.771437493742723301e-01
1.133733458452276688e+00
8.056423855065855122e-01
1.170791011636251211e+00
8.330787194821902553e-01
1.208558868695877253e+00
8.590994930519242345e-01
1.246851919161130251e+00
8.833585884751803396e-01
1.285442844609467450e+00
9.055201190183340687e-01
1.324057513893670768e+00
9.252625220437652453e-01
1.362370634114197898e+00
9.422836669919043562e-01
1.400001968677305975e+00
9.563069263047347945e-01
1.436513521979391639e+00
9.670880799041399190e-01
1.471408183268394954e+00
9.744228358446676008e-01
1.504130411951265511e+00
9.781546563800741501e-01
1.534069620757695596e+00
9.781824878471971907e-01
1.560566954764238456e+00
9.744679149564234866e-01
1.582926151801551384e+00
9.670412075192178492e-01
1.600429078323747145e+00
9.560057128776959789e-01
1.612356338912497966e+00
9.415400811055663066e-01
1.618013035790308196e+00
9.238978990060315866e-01
1.616759296390160028e+00
9.034044530811036200e-01
1.608044600623752096e+00
8.804505328360913152e-01
1.591444261109216551e+00
8.554834073395154448e-01
1.566695709501761513e+00
8.289953361239262852e-01
1.533731625726481473e+00
8.015101826885893121e-01
1.492706547222535818e+00
7.735688581889426096e-01
1.444013552744824347e+00
7.457144131924666741e-01
1.388288046016926902e+00
7.184776052619495923e-01
1.326396620924959135e+00
6.923637001888546250e-01
1.259410423491526654e+00
6.678411271793457393e-01
1.188564167742343747e+00
6.453324243362793533e-01
1.115203736448798111e+00
6.252077060668026487e-01
1.040726771971557607e+00
6.077806839856662036e-01
9.665215333610021053e-01
5.933070985011683618e-01
8.939093767281929281e-01
5.819852836050077860e-01
8.240954974191013749e-01
5.739584986977868120e-01
7.581312282505905387e-01
5.693186178132128017e-01
6.968895199994797895e-01
5.681107623836285647e-01
6.410535767669671703e-01
5.703384897194196945e-01
5.911172614687421056e-01
5.759691956856181072e-01
5.473949902522651234e-01
5.849394472916125132e-01
5.100384334275874787e-01
5.971600213027061788e-01
4.790573649231489872e-01
6.125204828025588855e-01
4.543423254237522468e-01
6.308931891862830099e-01
4.356872479359627515e-01
6.521366484249296880e-01
4.228107211725637415e-01
6.760981950875952773e-01
4.153750543312845767e-01
7.026159740056535652e-01
4.130027118185181645e-01
7.315202407221547132e-01
4.152899930244438043e-01
7.626340014556718394e-01
4.218180447391648435e-01
7.957730248503792625e-01
4.321614269404526198e-01
8.307452649446244175e-01
4.458945247979358428e-01
8.673497411896353704e-01
4.625961285194103989e-01
9.053749285295704663e-01
4.818525030837567669e-01
9.445967199527713909e-01
5.032592535363039632e-01
9.847760368542196607e-01
5.264222666815683294e-01
1.025656180154660202e+00
5.509579822568553276e-01
1.066960038302887215e+00
5.764932194167776691e-01
1.108387297579150221e+00
6.026647594103936578e-01
1.149611835509562807e+00
6.291188633417477138e-01
1.190279518896313116e+00
6.555108847033346287e-01
1.230006672079967611e+00
6.815051192126205803e-01
1.268379525263173546e+00
7.067750182091222522e-01
1.304954991963364952e+00
7.310038750551547393e-01
1.339263151841154187e+00
7.538860750474345451e-01
1.370811821134204411e+00
7.751289766910401946e-01
1.399093566840933223e+00
7.944554643561726470e-01
1.423595450894316272e+00
8.116071782176200733e-01
1.443811665788618637e+00
8.263483864307826776e-01
1.459259035498581270e+00
8.384704170288288516e-01
1.469495103308839923e+00
8.477965144272607834e-01
1.474138219374188319e+00
8.541869303799636270e-01
1.472888696538626085e+00
8.575440058014062172e-01
1.465549759223979231e+00
8.578169533727165730e-01
1.452046717375466534e+00
8.550060175056587441e-01
1.432442615398250352e+00
8.491656745193045808e-01
1.406948594864983360e+00
8.404065475889076486e-01
1.375927416544865167e+00
8.288957521801287864e-01
1.339889030810535120e+00
8.148554594240254856e-01
1.299477743487545744e+00
7.985595645932982434e-01
1.255451327850022336e+00
7.803284687283023047e-01
