5.299478304630535604e+03 5.280218736537209224e+03 5.304291060458303036e+03
5.316072344050828178e+03 5.310583931055733956e+03 5.337524807625151880e+03
5.332215185150685102e+03 5.334949992552932599e+03 5.362622697661602615e+03
5.350201506508755301e+03 5.362724690579521848e+03 5.398274200892686167e+03
5.370841027704916087e+03 5.391021639787622917e+03 5.426029756106965579e+03
5.391582594923233046e+03 5.421223173759056408e+03 5.450675725146985314e+03
5.408066178057997604e+03 5.445215688508807034e+03 5.473343839658920842e+03
5.422311897825893539e+03 5.462822775509506755e+03 5.491419537795307406e+03
5.436432493750784488e+03 5.475868092022623387e+03 5.503823118557374983e+03
5.448697788042819411e+03 5.488435697005991642e+03 5.510611349353254809e+03
5.459015923071961879e+03 5.498594678684252358e+03 5.516504311017542932e+03
5.467027280593598334e+03 5.506036683604903374e+03 5.527522641323485914e+03
5.477379038634598146e+03 5.519323342887778381e+03 5.545678333094815571e+03
5.490557171282818672e+03 5.537418767957897217e+03 5.571749908930883976e+03
5.502345085396325885e+03 5.557040557726733823e+03 5.603768468612212928e+03
5.515072711347811492e+03 5.577548939943832011e+03 5.632262925793173054e+03
5.529069775707487679e+03 5.600244919388267590e+03 5.656301804888250444e+03
5.542927242912739530e+03 5.622698954712896011e+03 5.678755840212878866e+03
5.558738396871890473e+03 5.650311781794308445e+03 5.704663538357643120e+03
5.575144520150157405e+03 5.669957592784936423e+03 5.709120264068890719e+03
5.587700305110492081e+03 5.682444406561726282e+03 nan
5.599790425780123769e+03 5.694668520563458515e+03 nan
5.302294616269391554e+03 5.276663083613973868e+03 5.290158015672969668e+03
5.317499027778944765e+03 5.303829330629534525e+03 5.310940864135915035e+03
5.333885034990114036e+03 5.328494970965612993e+03 5.331398157354530667e+03
5.351108251775192002e+03 5.356054399080311669e+03 5.360814266498936377e+03
5.370259532655681141e+03 5.383408307882055851e+03 5.392157558656851506e+03
5.387443980216009550e+03 5.408694597904684997e+03 5.423049366039152119e+03
5.403021434517852867e+03 5.429900179426615068e+03 5.445377495207264474e+03
5.417278044116938872e+03 5.447793851561263182e+03 5.468723938209964217e+03
5.432146772082822281e+03 5.463720822603086162e+03 5.489431302180975763e+03
5.442928522426433119e+03 5.472299668855751406e+03 5.492838986628761631e+03
5.452206106647026900e+03 5.480188810432498030e+03 5.498473979230903751e+03
5.459898497322398725e+03 5.486962772509389652e+03 5.508297546175937896e+03
5.471168042097206126e+03 5.499295608199725393e+03 5.525143445917076860e+03
5.483092701238203517e+03 5.516284575547223540e+03 5.548003443310016337e+03
5.494149198224320571e+03 5.531368474082834837e+03 5.570156862817843830e+03
5.506808531227567073e+03 5.552804686262937139e+03 5.597107557448333864e+03
5.520621370825960184e+03 5.579739266355072687e+03 5.631555789135900341e+03
5.534627034115754213e+03 5.600870875393587085e+03 5.654008952500348641e+03
5.548459750243459894e+03 5.622986728659533583e+03 5.666628348363078658e+03
5.564234090876357186e+03 5.649348389252325433e+03 5.685546123150990752e+03
5.577394121927504784e+03 5.670336172882676692e+03 5.707361735968223002e+03
5.587835273428860091e+03 5.681939814943503734e+03 5.721102486227458030e+03
5.300208714093522758e+03 5.263681170806584305e+03 5.261222022629939602e+03
5.314463098839483791e+03 5.289301416335075373e+03 5.276226221430779333e+03
5.331297790006352443e+03 5.313581054104897703e+03 5.288420756863798488e+03
5.349252245887393656e+03 5.340529990032389833e+03 5.322545910873272987e+03
5.366775172866996400e+03 5.367715023655034202e+03 5.355884018018549796e+03
5.383496021761910924e+03 5.394533497274626825e+03 5.388380908909938626e+03
5.398845699833686922e+03 5.414027709520581084e+03 5.415560877292031364e+03
5.413028054220749254e+03 5.431947295221589229e+03 5.444923211065158284e+03
5.426500521741148987e+03 5.445364245634937106e+03 5.462667318806731600e+03
5.437897697057406731e+03 5.455365410198432073e+03 5.467396967716587824e+03
5.446427112080049483e+03 5.462227953042171066e+03 5.475225056057949587e+03
5.453667990260167244e+03 5.466335824040525949e+03 5.482380119117806316e+03
5.464564149535818615e+03 5.477631669606506875e+03 5.495400541499329847e+03
5.476285320276873790e+03 5.491958437535244229e+03 5.513093482467116701e+03
5.487284175068310105e+03 5.505800046428603309e+03 5.534424246943685830e+03
5.499763907735432440e+03 5.528239731681313060e+03 5.560534520503320891e+03
5.512880646644298395e+03 5.555604340829444482e+03 5.593702487355160883e+03
5.526630838303556629e+03 5.580683396393601470e+03 5.620431263702941578e+03
5.539074525688599351e+03 5.602904705484803344e+03 5.638908959683896683e+03
5.553647078115918703e+03 5.628285620245049358e+03 5.661498782428954655e+03
5.568544067007712329e+03 5.650912581379113362e+03 5.683944500484275522e+03
5.580478085710098640e+03 5.673857095301233130e+03 5.707371898673769465e+03
5.292400935287861103e+03 5.245835878903712910e+03 5.236965515219687404e+03
5.306765553027275928e+03 5.268988024448411124e+03 5.248054201760483011e+03
5.325246964847601703e+03 5.294979111126428506e+03 5.270351210201984031e+03
5.344756980260098317e+03 5.321976827110849626e+03 5.299113886563342930e+03
5.363739346078295966e+03 5.350561372901383038e+03 5.332618932041177686e+03
5.379485989177325791e+03 5.375964826549971804e+03 5.365152553971714951e+03
5.394680235661919141e+03 5.398155992262212749e+03 5.391219550101811365e+03
5.408838177836792056e+03 5.414612368428129230e+03 5.411148019274155558e+03
5.420774788328692011e+03 5.424377919269963968e+03 5.418018604712083288e+03
5.432873962895707336e+03 5.435598116980603663e+03 5.430701225643024372e+03
5.441934579517811471e+03 5.441474707563374977e+03 5.434447955836300025e+03
5.448856829061052849e+03 5.443951680527183271e+03 5.440143740946215985e+03
5.458796975175161606e+03 5.455800392534839375e+03 5.456929857881483258e+03
5.469416118744714367e+03 5.468090485496739348e+03 5.467599164219996965e+03
5.480680000787182507e+03 5.482503541066486832e+03 5.489054261252628748e+03
5.492107235121747181e+03 5.503297034554770107e+03 5.514173823966612872e+03
5.504508380129481338e+03 5.527659421694671437e+03 5.535635467292469002e+03
5.517804971187929368e+03 5.555123184885525916e+03 5.567122339361114427e+03
5.530282848159804416e+03 5.580786291552500188e+03 5.600326794005482043e+03
5.542737039951996849e+03 5.602291022637029528e+03 5.631462177496445292e+03
5.556489329206550792e+03 5.625129636213299818e+03 5.656479635670192692e+03
5.570411950352699023e+03 5.652035814033605675e+03 5.683056208410467661e+03
5.282645276886697502e+03 5.229063088120822613e+03 5.218470106899237180e+03
5.297954305427664622e+03 5.250121993543645658e+03 5.229942064168497382e+03
5.316076765203275500e+03 5.273221835036618359e+03 5.252352713541306002e+03
5.337352917499860268e+03 5.302268687259699618e+03 5.281243835554477300e+03
5.359496126223643842e+03 5.332650795272294999e+03 5.322557840173726618e+03
5.375399675089204720e+03 5.356882627386888089e+03 5.355892744337291333e+03
5.391793095359245854e+03 5.379913471432580991e+03 5.380683899967923935e+03
5.406748237319030522e+03 5.398652490420158756e+03 5.392781000162574855e+03
5.418319841218970396e+03 5.407352944949759149e+03 5.386618551526711599e+03
5.430082838590218671e+03 5.417067070489484649e+03 5.392967539176546779e+03
5.439807203434561416e+03 5.422370993706150330e+03 5.399096736338469782e+03
5.445639787719140259e+03 5.426118152723019193e+03 5.402273830476702642e+03
5.454197447025732799e+03 5.435254396141624056e+03 5.414272669809912259e+03
5.464397058774224206e+03 5.446654736120085545e+03 5.431531084193362403e+03
5.474587926485479329e+03 5.458950319693798519e+03 5.447556114590892321e+03
5.485179652238783092e+03 5.479107932692229042e+03 5.466750100779147033e+03
5.496805792356874917e+03 5.503134994118849136e+03 5.482709744919590776e+03
5.509391155379548763e+03 5.532514267524375100e+03 5.522794053991408873e+03
5.521422673478481556e+03 5.559242142604295623e+03 5.566052764028597267e+03
5.534411281987950133e+03 5.582320302072836967e+03 5.602989932972136558e+03
5.546630872592553715e+03 5.602264187807076269e+03 5.632042369590076305e+03
5.558901698405748903e+03 5.624752331693526685e+03 5.653707468025572780e+03
5.270751974746682208e+03 5.210323251763408734e+03 5.195852063928433381e+03
5.287759565997915161e+03 5.233154056021419819e+03 5.217241981516848682e+03
5.307184109075294145e+03 5.259795474155906959e+03 5.242888463432608660e+03
5.329648897383503027e+03 5.289016336109882104e+03 5.274962668754398692e+03
5.351346678511571554e+03 5.317066639673565987e+03 5.317096681786354566e+03
5.371722179427205447e+03 5.342431051764173390e+03 5.350664124338326474e+03
5.391669669737697404e+03 5.367831663437481438e+03 5.376808928726741215e+03
5.407143987914490936e+03 5.386601054952976483e+03 5.386759256789251594e+03
5.419187230337340225e+03 5.395461643225969965e+03 5.383658656581095784e+03
5.430313078537555157e+03 5.402870605620416427e+03 5.386033595121836697e+03
5.440093255379357288e+03 5.410884216982572070e+03 5.391495952855916585e+03
5.445140716611516837e+03 5.414694551510357996e+03 5.391162199437550044e+03
5.452291616509099185e+03 5.419814180251091784e+03 5.398445445550508339e+03
5.461331718523716518e+03 5.430109888486515956e+03 5.414697619198855136e+03
5.470496209620651825e+03 5.440746234587727486e+03 5.428688077131154387e+03
5.479729461574138440e+03 5.457713612624826055e+03 5.442434926595910838e+03
5.490046363246831788e+03 5.482970208364529753e+03 5.455164404763805578e+03
5.501532895173150791e+03 5.510708649075199901e+03 5.482278846810202594e+03
5.512818975811606833e+03 5.537477261306558830e+03 5.527982161985238236e+03
5.525035747870332671e+03 5.563720705662567525e+03 5.575059809978475641e+03
5.538484218753281311e+03 5.584712743529346881e+03 5.616295204016661955e+03
5.550720366070391719e+03 5.605217937348050327e+03 5.633344256814399159e+03
5.258264879812526488e+03 5.188381305623225671e+03 5.173910117788250318e+03
5.277610883365617156e+03 5.215069068260418135e+03 5.200597880425442781e+03
5.298576384156974200e+03 5.245780345334101185e+03 5.231309157499125831e+03
5.321979644938613092e+03 5.277581351142915082e+03 5.265975171913499253e+03
5.345116887107822549e+03 5.307368613522026862e+03 5.307859058767722672e+03
5.371388087832533529e+03 5.340049866204773025e+03 5.350024590436653853e+03
5.393348745866996069e+03 5.366097965019254843e+03 5.376072689251135671e+03
5.409575603520222103e+03 5.383487092669663070e+03 5.388307056508591813e+03
5.423627664772356184e+03 5.393955703368268587e+03 5.389573913421895668e+03
5.433279463675849911e+03 5.400248847843880867e+03 5.392696430743219935e+03
5.441626984230189009e+03 5.406048841567999261e+03 5.396036287988938966e+03
5.446061295628214793e+03 5.408664701716851596e+03 5.398688470661926658e+03
5.452507606503785610e+03 5.412931550772201263e+03 5.403676646742120283e+03
5.460509810975491746e+03 5.418770234390986843e+03 5.409996720172830464e+03
5.468205013190987302e+03 5.426071543017998010e+03 5.418542120479023652e+03
5.476123561407104717e+03 5.438807281220265395e+03 5.425178724864605101e+03
5.485365383378738443e+03 5.464178075925829035e+03 5.436899507942139280e+03
5.495549392947839806e+03 5.490832289792992924e+03 5.457671020432334444e+03
5.505310749409040909e+03 5.515351584526730221e+03 5.507287330880236368e+03
5.516247504088010828e+03 5.540517445692752517e+03 5.553401529363737609e+03
5.530768869033540795e+03 5.563594362347766037e+03 5.596006166552372633e+03
5.547097342154312173e+03 5.589148690361395893e+03 5.628801025153362389e+03
5.249066193887190821e+03 5.171817609560133860e+03 5.159071688672293931e+03
5.270430796337344873e+03 5.202378493013825391e+03 5.187907305178850038e+03
5.292965424129286475e+03 5.237287024445378847e+03 5.222815836610403494e+03
5.318950465025750418e+03 5.271950164496560319e+03 5.257478976661584966e+03
5.348049946173131502e+03 5.306990431129136596e+03 5.305853468346602313e+03
5.377457903482288202e+03 5.344530533569858562e+03 5.352541109600792879e+03
5.399076014959452550e+03 5.370421683848695466e+03 5.380396408080576293e+03
5.416736891451714655e+03 5.390738706493186328e+03 5.396072405408505801e+03
5.431063145231438284e+03 5.404918616099468636e+03 5.406789191769153149e+03
5.440614412299823016e+03 5.413067040002014437e+03 5.413101193060109836e+03
5.446732805307618946e+03 5.415570292539892762e+03 5.418095113765572023e+03
5.450364599830843872e+03 5.413273956573049873e+03 5.419323481008614181e+03
5.454713425627533979e+03 5.413423937695303721e+03 5.416547118766424319e+03
5.461778339851291094e+03 5.417957636100355558e+03 5.418990882232311378e+03
5.468508881072207259e+03 5.422343515907892652e+03 5.421723033003845558e+03
5.474890284182431969e+03 5.431168658486768436e+03 5.424158976052606704e+03
5.482750846568778798e+03 5.449889653912692665e+03 5.429919265754435401e+03
5.492766542470941204e+03 5.475603806627869744e+03 5.455157843313643752e+03
5.502621741900762572e+03 5.501533185475654136e+03 5.502626462308789087e+03
5.513891171734578165e+03 5.524758747995620070e+03 5.547173110875296516e+03
5.529887104575243029e+03 5.549260347801715398e+03 5.583794193412137247e+03
5.547688860398079669e+03 5.575575116132142284e+03 5.615488028139198832e+03
5.243124510778469812e+03 5.167570048576938461e+03 5.178532420816568447e+03
5.269356407573754950e+03 5.202779483468669241e+03 5.192288835463632495e+03
5.297352571768636153e+03 5.240383686130502610e+03 5.225912498295527257e+03
5.326611246204663985e+03 5.278684264277099828e+03 5.267001586220708305e+03
5.358493193054422591e+03 5.317593937941422155e+03 5.309653392017291480e+03
5.386459135247328049e+03 5.352776793424974130e+03 5.348086794755958181e+03
5.409560480672546873e+03 5.383290988506546455e+03 5.381588915891237775e+03
5.428306247832923873e+03 5.404894781727710324e+03 5.407063680775750981e+03
5.441515426364692757e+03 5.419744045303124039e+03 5.422353591029667768e+03
5.451222454968766215e+03 5.429391200161097004e+03 5.431874007095563684e+03
5.457345842846198138e+03 5.429946644935974291e+03 5.434356988784574241e+03
5.460272605841363657e+03 5.426446544637662555e+03 5.433659364596161140e+03
5.463845148328417963e+03 5.424293643256719406e+03 5.432304194645381358e+03
5.469379865751337093e+03 5.424382930622907224e+03 5.424108640574244419e+03
5.474523577691549690e+03 5.425934909422325291e+03 5.421750046454742915e+03
5.479808022928318678e+03 5.430725563863764364e+03 5.422270445634156204e+03
5.487679338101731446e+03 5.444782869542995286e+03 5.424740226158314726e+03
5.495955872331917817e+03 5.464621323634360124e+03 5.445376619802384994e+03
5.505008089558087704e+03 5.488868091454383830e+03 5.488759599637932297e+03
5.516934504234573069e+03 5.514088133813551394e+03 5.530018824380410479e+03
5.531131997718893217e+03 5.537221460932316404e+03 5.566504545645646431e+03
5.550235050474281707e+03 5.565427545302040926e+03 5.597928851121168009e+03
5.242546988842904284e+03 5.170332184872162543e+03 5.187385192265184742e+03
5.269708899153629318e+03 5.207073220401464823e+03 5.224659028566809866e+03
5.301854298147201007e+03 5.245684114330447301e+03 5.261492881312765348e+03
5.336435856561278342e+03 5.288299119119355055e+03 5.285747702964060409e+03
5.373014305115560092e+03 5.332207102130655585e+03 5.324266556206524911e+03
5.400583243888713696e+03 5.368099366077066406e+03 5.360158820152935732e+03
5.424178711309413302e+03 5.400402209675956328e+03 5.393952882507403956e+03
5.443065588238699092e+03 5.423658407911264476e+03 5.423623989086405345e+03
5.455534080487186657e+03 5.437826929028510676e+03 5.442982805609846764e+03
5.466560589513501327e+03 5.449106386897913580e+03 5.453105375173910033e+03
5.470583123194912332e+03 5.447077012961115543e+03 5.450899589150094471e+03
5.473636390652569389e+03 5.443176343672095754e+03 5.447537170350476117e+03
5.476975011918379096e+03 5.440164975875029086e+03 5.436753429515322750e+03
5.480277327998418514e+03 5.436285260658620246e+03 5.427170335110344240e+03
5.483820673525380698e+03 5.432160292779977681e+03 5.419117017069854228e+03
5.490066039076848028e+03 5.435243081426137906e+03 5.417068135836853799e+03
5.497015639814972928e+03 5.445138233591472272e+03 5.419771143689725250e+03
5.503708843938936297e+03 5.459102364333601145e+03 5.427564404685093905e+03
5.511630811078293846e+03 5.478340881999981320e+03 5.467169221661332813e+03
5.525402138170791659e+03 5.504721767808997356e+03 5.509392472214222835e+03
5.541945379020118708e+03 5.532980428731285429e+03 5.549328747452377684e+03
5.561019994071936708e+03 5.561294700446193929e+03 5.579114299021428451e+03
5.241895497042673014e+03 5.173812544796926886e+03 5.191166359082731105e+03
5.275447287717455765e+03 5.215801724319061577e+03 5.233610585180796988e+03
5.309241663310824151e+03 5.256068192356347026e+03 5.271814739105449917e+03
5.348431509556217861e+03 5.303235098003588973e+03 5.307187825910408719e+03
5.386557290694277071e+03 5.348328229218182059e+03 5.341930015570673277e+03
5.417114188014356841e+03 5.387902161261904439e+03 5.379961615337773765e+03
5.442521248945434309e+03 5.421464623114809001e+03 5.413524077190678327e+03
5.461513754149024862e+03 5.444919615925658945e+03 5.447208649710263671e+03
5.475230755217285150e+03 5.461136517016472681e+03 5.470334179003271856e+03
5.484253123701130789e+03 5.469285391142318076e+03 5.475485788776290065e+03
5.489557339961604157e+03 5.468974511075132796e+03 5.473150076080043618e+03
5.492493478568913815e+03 5.464962487756089104e+03 5.465969960491760503e+03
5.494581711118312342e+03 5.460507009212308731e+03 5.452784029589735837e+03
5.497033532655902491e+03 5.454040482729972609e+03 5.440640033380257591e+03
5.500358008211083870e+03 5.447458154916101194e+03 5.428794649603774815e+03
5.506331431381956463e+03 5.446644606484465839e+03 5.423225415079335107e+03
5.512437193711644795e+03 5.451326327163874339e+03 5.416126012045071548e+03
5.521053829246789064e+03 5.463922314760302470e+03 5.417906430427847226e+03
5.529458508319609791e+03 5.482654054268537948e+03 5.449092028901805861e+03
5.543425800230869754e+03 5.509995643832427959e+03 5.494367361977892870e+03
5.559803070291328368e+03 5.537115602783181203e+03 5.531955249875373738e+03
5.579678688701208557e+03 5.570486756204230005e+03 5.560783379309385055e+03
5.250601010417290126e+03 5.178824525823422846e+03 5.196433317099459600e+03
5.281932113541767649e+03 5.223114048697510952e+03 5.241122402350816628e+03
5.320238736287140455e+03 5.272921269184397715e+03 5.291023906255277325e+03
5.362588380292239890e+03 5.323474011809574222e+03 5.332059084278638693e+03
5.400655649232048745e+03 5.366965155872613650e+03 5.363971472715320488e+03
5.432679115158951390e+03 5.406062741569233367e+03 5.398122195645102693e+03
5.461097665773469089e+03 5.443006039636372407e+03 5.434915620959693115e+03
5.482659545213365163e+03 5.469866414361938041e+03 5.473753176314829034e+03
5.496665117964695128e+03 5.486158353565448124e+03 5.497457812991669925e+03
5.505088497270351581e+03 5.493887370376695799e+03 5.502131982321921896e+03
5.510091967591746652e+03 5.493212219870218178e+03 5.498656721095839202e+03
5.513367495234831040e+03 5.490971525409227979e+03 5.492302635886649114e+03
5.517381712357164361e+03 5.488525611143312744e+03 5.480530354493455889e+03
5.521447302864963603e+03 5.483016987351040370e+03 5.469371678293602599e+03
5.526038510910048899e+03 5.478244706338031392e+03 5.460943684665307046e+03
5.530043336876809917e+03 5.472585379647546688e+03 5.445277777929659351e+03
5.537604853159761660e+03 5.470637403418327267e+03 5.424171056981169386e+03
5.546220293544144624e+03 5.482701868583997566e+03 5.420457100437509325e+03
5.556903347815556117e+03 5.502199932100361366e+03 5.453393903009444330e+03
5.570430473444388554e+03 5.526793140058392964e+03 5.491250282245277049e+03
5.584321119493831247e+03 5.551248829594808740e+03 5.524583726427196780e+03
5.602374941485897580e+03 5.583522508543630465e+03 5.562591468065722438e+03
5.260367477614527161e+03 5.170139125473149761e+03 5.188083734140164779e+03
5.288262013767971439e+03 5.215909090419952918e+03 5.234011727490832527e+03
5.329241633410140821e+03 5.277249485095605451e+03 5.295352122166485060e+03
5.377489428178988419e+03 5.343954078701726758e+03 5.358745353498444274e+03
5.414444846563928877e+03 5.384187383623271671e+03 5.389257454581999809e+03
5.451144815417890641e+03 5.427286325087031400e+03 5.427888247200699880e+03
5.484749231942731967e+03 5.469758307033499477e+03 5.466703560511421529e+03
5.506404994047428772e+03 5.496293885415322620e+03 5.496851513221905407e+03
5.518752301521019035e+03 5.511018205218188086e+03 5.518402325893363923e+03
5.527592844011086527e+03 5.520361542406860281e+03 5.529597303329192982e+03
5.533544434357193495e+03 5.522704520116267304e+03 5.529850241740588899e+03
5.537680559541484399e+03 5.521834747469533795e+03 5.524060274347302766e+03
5.542969223496422273e+03 5.520347108254011800e+03 5.515429475180138070e+03
5.547270846697503657e+03 5.515854144989216366e+03 5.507840819585778263e+03
5.552232983960827369e+03 5.511125996029697490e+03 5.496863345623248279e+03
5.559352694728707320e+03 5.508618641626294448e+03 5.480598557152576177e+03
5.566855077615546179e+03 5.507010572403962215e+03 5.456981627709794338e+03
5.575308113491162658e+03 5.512472305094533112e+03 5.445885161860978769e+03
5.586000278517069091e+03 5.528024366451716560e+03 5.465790580085053989e+03
5.599130255482662506e+03 5.553100789938764137e+03 5.513713669108779868e+03
5.612493601174614014e+03 5.580973020949694728e+03 5.556214302619044247e+03
5.628697651708982448e+03 5.613372269777211841e+03 5.595661980416849474e+03
5.266807286895694233e+03 5.151523437989917511e+03 5.146738361142703980e+03
5.295218831311814938e+03 5.204057757644031881e+03 5.222160394714911490e+03
5.340860078675798832e+03 5.276966433486172718e+03 5.295069070557052328e+03
5.391341165006392657e+03 5.351866830833124368e+03 5.366766898777360439e+03
5.433884592333761248e+03 5.405874202994965344e+03 5.418317238132643979e+03
5.473770688256915491e+03 5.452612632991820647e+03 5.458405849100983687e+03
5.507264666405855678e+03 5.494229925184257809e+03 5.494452165730146589e+03
5.527133757759465880e+03 5.518111159746854355e+03 5.516473583354953007e+03
5.539599116116591176e+03 5.533548598845695778e+03 5.537802102059034951e+03
5.550527506761283803e+03 5.547087916998060791e+03 5.556209151620500052e+03
5.558079431953890889e+03 5.553850472988188812e+03 5.561987713787794746e+03
5.564279695046049710e+03 5.556656679774770055e+03 5.560753959220483921e+03
5.569872065773396571e+03 5.556272328463938720e+03 5.562408018133842234e+03
5.574919587273812795e+03 5.552812478910641403e+03 5.561165443679708005e+03
5.580656301113496738e+03 5.549858033796675954e+03 5.549160706474986910e+03
5.588921555085893488e+03 5.550376542981198327e+03 5.527878665277808068e+03
5.597313442062405556e+03 5.553099463841672332e+03 5.508403367313427225e+03
5.606196289085053650e+03 5.557687624942739603e+03 5.502671041996173699e+03
5.616346075233921511e+03 5.572455359142797533e+03 5.517201495658105159e+03
5.628268344250779592e+03 5.596526304317787435e+03 5.561997482551627400e+03
5.640158986462848588e+03 5.626611124612801177e+03 5.606235098163778275e+03
5.656318326461334436e+03 5.664028966937839868e+03 5.650574834341246969e+03
5.272329606101049649e+03 5.134521396838573310e+03 5.074959058175507380e+03
5.307432241244890974e+03 5.204513625595780468e+03 5.163080747414833240e+03
5.356219399176487968e+03 5.279598639681962595e+03 5.295670361140449131e+03
5.407157174393272726e+03 5.358882409285020913e+03 5.371325444422699547e+03
5.453741259061907840e+03 5.426483250137887808e+03 5.438926285275566443e+03
5.494867403680003008e+03 5.473104465920455368e+03 5.479625459410177427e+03
5.526761063047370044e+03 5.512311523496787231e+03 5.513618067281809090e+03
5.550450431159476466e+03 5.542110920669615552e+03 5.540950488781626518e+03
5.563003582274997825e+03 5.558924226526680286e+03 5.559982460368666580e+03
5.575568424525117734e+03 5.575036980891175517e+03 5.581118910833176415e+03
5.582630262209246212e+03 5.584293795388150102e+03 5.591301613479865409e+03
5.590083606045993292e+03 5.590712926897115722e+03 5.599562071040898445e+03
5.596038467537869110e+03 5.592677416226248170e+03 5.606825780097764437e+03
5.602786262880039430e+03 5.593694570844470945e+03 5.610634468124434534e+03
5.610044962786386350e+03 5.595917929648107020e+03 5.603762287638918679e+03
5.617799480784714433e+03 5.597823522478713130e+03 5.584170830797481358e+03
5.626306444658675900e+03 5.601943222819226321e+03 5.566612369518430569e+03
5.635429017942609789e+03 5.611299673712712320e+03 5.568651865597079450e+03
5.644752177431047130e+03 5.625082567156123332e+03 5.585681059079133775e+03
5.655249405135687084e+03 5.648101757846685359e+03 5.625108621047301313e+03
5.668514364932543685e+03 5.678574677176144178e+03 5.670533726236650182e+03
5.685119639511642163e+03 5.713735857494790253e+03 5.714954944848058403e+03
5.283862630648060986e+03 5.135194163107898021e+03 5.075631824444832091e+03
5.322925831676175221e+03 5.212185793877313699e+03 5.152623455214247770e+03
5.371541292730784335e+03 5.290360041749342599e+03 5.272625340969660101e+03
5.425347309471140761e+03 5.370032276126245961e+03 5.376804141789167261e+03
5.474777831859663820e+03 5.443274744174405896e+03 5.452723988041796474e+03
5.518697148043727793e+03 5.495321330598976601e+03 5.503063450437122810e+03
5.548498354000278596e+03 5.530236506723337698e+03 5.532653212821544003e+03
5.572785879789134924e+03 5.561997052581770731e+03 5.556553535903453849e+03
5.589197161822065937e+03 5.584854546104439578e+03 5.578236605856342067e+03
5.599117596929309912e+03 5.600129431296203620e+03 5.598981369145724784e+03
5.607918208512851379e+03 5.613478325682844115e+03 5.615551716176823902e+03
5.617169340838703647e+03 5.624476156892662402e+03 5.633995477994331850e+03
5.623655950844817198e+03 5.631284307633542085e+03 5.646967000349093723e+03
5.630477376706938230e+03 5.635579368717412763e+03 5.655358706970633648e+03
5.637861553016609832e+03 5.639555683711517304e+03 5.649314800179778103e+03
5.646077543038255499e+03 5.644806488804025321e+03 5.640613842351223866e+03
5.654987345383855427e+03 5.651271762501405647e+03 5.630942286115191564e+03
5.663670300865486752e+03 5.661731436254648543e+03 5.636858795795405058e+03
5.671910611796250123e+03 5.675221489811083302e+03 5.654357312714977525e+03
5.681382703563494943e+03 5.696374039852248643e+03 5.692402072541790403e+03
5.694511867454262756e+03 5.724934985307714669e+03 5.736652771680934165e+03
5.707129128397246859e+03 5.755796480730714393e+03 5.779162281273060216e+03
5.299930393986886884e+03 5.151705908359410387e+03 5.114957064197255022e+03
5.341596580426174114e+03 5.225914765241716850e+03 5.206117823058591966e+03
5.395694789715025763e+03 5.313561427922165421e+03 5.310125898947354472e+03
5.448120245397338294e+03 5.389577099465151150e+03 5.390300299624737818e+03
5.499787688194255679e+03 5.464595677117658852e+03 5.468460148114410913e+03
5.540786255611947126e+03 5.513936426044878317e+03 5.520889397653991182e+03
5.570240935615702256e+03 5.549023816886337954e+03 5.544828421833175526e+03
5.595358413595728962e+03 5.582548695860379667e+03 5.564201116608201119e+03
5.613239969105582531e+03 5.607862091655750191e+03 5.593188157439351016e+03
5.623307437112831394e+03 5.624110708749775768e+03 5.617479145027764389e+03
5.634479153800479253e+03 5.641175686170385234e+03 5.639436259123952368e+03
5.643312501750370757e+03 5.655896601563388685e+03 5.660774808206412672e+03
5.651177506997216369e+03 5.665381241619827051e+03 5.676861090111566227e+03
5.657457728457907251e+03 5.673361077507016489e+03 5.689957070955720155e+03
5.664949860236261884e+03 5.679833961561163960e+03 5.692173945368456771e+03
5.672964272720174449e+03 5.687333452592431058e+03 5.690387210167516059e+03
5.681443994385819678e+03 5.694649710440833587e+03 5.689872381779146053e+03
5.690174101086790870e+03 5.706433024587725413e+03 5.700699705902536152e+03
5.697160907743504140e+03 5.719936017721064673e+03 5.715552096839488513e+03
5.705873458285134802e+03 5.739439990776812010e+03 5.753523795615422387e+03
5.715311611063732016e+03 5.763095299200896079e+03 5.793184991385596732e+03
5.726584641963262584e+03 5.788368543388336548e+03 5.826669667149779343e+03
5.319542345542909970e+03 5.182439178853574049e+03 5.183792093460127035e+03
5.371131344579983306e+03 5.258764079206688621e+03 5.278795779021608723e+03
5.421714831054457136e+03 5.342842229527084783e+03 5.363372821191991534e+03
5.474657592755113001e+03 5.420582075888851250e+03 5.420835707446457491e+03
5.523935283482339401e+03 5.488986394716980612e+03 5.487693797033272858e+03
5.561859182918770784e+03 5.533087756021626774e+03 5.527974788753774192e+03
5.592729164493032840e+03 5.570136166488808158e+03 5.546565720914281883e+03
5.618368437828220522e+03 5.605383470215837406e+03 5.579434529905507588e+03
5.634608101738640471e+03 5.629491807689551933e+03 5.607531954214118741e+03
5.646455794585105650e+03 5.646991269218030538e+03 5.636619550366089243e+03
5.657050167836023320e+03 5.664355627841558089e+03 5.660573207174186791e+03
5.666499944797021271e+03 5.680976968517159548e+03 5.680890278772573765e+03
5.675518231623326756e+03 5.694368047401902004e+03 5.699772542586705640e+03
5.682932766453886870e+03 5.705597192146468842e+03 5.715906283077969420e+03
5.691477783662928232e+03 5.716521308690892511e+03 5.730001438554421838e+03
5.699506728751175615e+03 5.726390557654917757e+03 5.735885817531705470e+03
5.707095567494010538e+03 5.735656535570210508e+03 5.743596928339608894e+03
5.713737509009722999e+03 5.746362029078965861e+03 5.754224241029602126e+03
5.721100676670570465e+03 5.760697920611807604e+03 5.768372453726509775e+03
5.728476504984923849e+03 5.777747860044840309e+03 5.796155872793448907e+03
5.734589568248310570e+03 5.795783648656560217e+03 5.836434918524464592e+03
5.744474290579899389e+03 5.818142023188362145e+03 5.866935553573242032e+03
5.350642193158471855e+03 5.221059549994252848e+03 5.255740858341487183e+03
5.398858197389225097e+03 5.296409475780573302e+03 5.347814603744354827e+03
5.450937629815982291e+03 5.377397566304260181e+03 5.407201785229677625e+03
5.501037610349948409e+03 5.453626044191078108e+03 5.461897813910090917e+03
5.546449636123920754e+03 5.514803338455642006e+03 5.511553379688276436e+03
5.583005011318361539e+03 5.557652987326514449e+03 5.545390375324337583e+03
5.611795796154296113e+03 5.593099773091609677e+03 5.571787323781642044e+03
5.634230790081587656e+03 5.624328642673122886e+03 5.603176280126394886e+03
5.651849426040124854e+03 5.648352260293671861e+03 5.628089625692574373e+03
5.665359940392178942e+03 5.666752126270647750e+03 5.655890783187279339e+03
5.677449724152790623e+03 5.684965576723481718e+03 5.681077507305030849e+03
5.690189004639438281e+03 5.704984770319601921e+03 5.705126578464401973e+03
5.700935937338594158e+03 5.723470046824512792e+03 5.723613890863121924e+03
5.708972797064229781e+03 5.737507526595602030e+03 5.740647216309718715e+03
5.717120383347412826e+03 5.749425914148585434e+03 5.757845499521911734e+03
5.724542516790162153e+03 5.760253326373102027e+03 5.773765012476191259e+03
5.731671299102544253e+03 5.770164888736884677e+03 5.785736112274006700e+03
5.737529652856771463e+03 5.780471566058152348e+03 5.795333073611894179e+03
5.742960773385282664e+03 5.792807776885984822e+03 5.805220242767048148e+03
5.748071820697274234e+03 5.807635733686445747e+03 5.824433886313458970e+03
5.753225540159079173e+03 5.823800757177908963e+03 5.858351288178119830e+03
5.761483484552518348e+03 5.842237845516074231e+03 5.888144826545806609e+03
5.380440294745148094e+03 5.257301222489344582e+03 5.313130042097086516e+03
5.426654534435275309e+03 5.335815331151090504e+03 5.396469414253499053e+03
5.476519193414254005e+03 5.413575112489256753e+03 5.452809209070748693e+03
5.521498347469200780e+03 5.483493407383776685e+03 5.487579304510924885e+03
5.564408294746221145e+03 5.540016480262864206e+03 5.529438891833294292e+03
5.598305865059920507e+03 5.581290377284602982e+03 5.564403628396570639e+03
5.624028898482978548e+03 5.612194777307951881e+03 5.594102033573464723e+03
5.645555953930609576e+03 5.639747361236649340e+03 5.623395668957574344e+03
5.664871015548401374e+03 5.664491930897354905e+03 5.651642566547258866e+03
5.680222601721124192e+03 5.684425948694075487e+03 5.676564238877429489e+03
5.694949533767903631e+03 5.703812191269583309e+03 5.701515318031655625e+03
5.709094887663293775e+03 5.725102787547270054e+03 5.725109235176317270e+03
5.720133162675449057e+03 5.744476123461418865e+03 5.743768104969043634e+03
5.729249535765507062e+03 5.762013983946747430e+03 5.762931692206857406e+03
5.737534660678618820e+03 5.775619339179983399e+03 5.782613725214790065e+03
5.744640402397498292e+03 5.786461316224901566e+03 5.798938657647644504e+03
5.751238966366126988e+03 5.796316771814248568e+03 5.812452106195672968e+03
5.756251944013789398e+03 5.804477540990537818e+03 5.820639599053181882e+03
5.761214567750387687e+03 5.816911255990979953e+03 5.830738113688555131e+03
5.766343081237549086e+03 5.831623641418895204e+03 5.843453636861197992e+03
5.771927241037301428e+03 5.847203591986471110e+03 5.864542146833267907e+03
5.777507698871067987e+03 5.865734650579636764e+03 5.905518347754749811e+03
5.408095010972002456e+03 5.291941817761043239e+03 5.310364651817029880e+03
5.450580601303981894e+03 5.368177567371319128e+03 5.393737734145560353e+03
5.496387293985668293e+03 5.449183988884841710e+03 5.474478669246427671e+03
5.536949099920255321e+03 5.505705583406667756e+03 5.492311274305834559e+03
5.576187007363824705e+03 5.558065429178863269e+03 5.543374040623979454e+03
5.610909013780339592e+03 5.602748531720316350e+03 5.590837175793797542e+03
5.634412952006734486e+03 5.630787433586579027e+03 5.619897321209653455e+03
5.655195643470584400e+03 5.655405258533284723e+03 5.646582162030932523e+03
5.674487759079717762e+03 5.678509325774761237e+03 5.671464071046941172e+03
5.691732917140482641e+03 5.699388098970585816e+03 5.695746115009877940e+03
5.708219881283147515e+03 5.720305243943094865e+03 5.719253700937507347e+03
5.722848013378847099e+03 5.740435498815349092e+03 5.740296719625186597e+03
5.734756642622738582e+03 5.760289286725787861e+03 5.760188961072646634e+03
5.744580437090751730e+03 5.777291657289421892e+03 5.777279663320856343e+03
5.753601040116052900e+03 5.793067805947337547e+03 5.796807487009975375e+03
5.763094652853367734e+03 5.808286797784203372e+03 5.817173196314198321e+03
5.771173357702896283e+03 5.819869602941214907e+03 5.834245026960585164e+03
5.777512270596536837e+03 5.829367309152587040e+03 5.844212236027296967e+03
5.783679255553342955e+03 5.839979971199187275e+03 5.852812848355425558e+03
5.788931399375371257e+03 5.853311613096599103e+03 5.863707727576633260e+03
5.791378085110316533e+03 5.866440936454694565e+03 5.876244288562100337e+03
5.795709871449645107e+03 5.881645071285788617e+03 nan
5.431140481922999243e+03 5.318545227411147607e+03 5.291665790742723402e+03
5.470513578075229816e+03 5.396090687798460749e+03 5.378224552240814774e+03
5.511748867729051199e+03 5.472036864624465125e+03 5.455496002747605417e+03
5.550033354728642735e+03 5.526975495315741682e+03 5.517064592599713251e+03
5.586377542692694078e+03 5.575129252706879925e+03 5.569268035378099739e+03
5.620279897529701884e+03 5.619039491236902904e+03 5.616338206327048283e+03
5.642131135431770417e+03 5.645075906846726866e+03 5.642544879661120831e+03
5.663010818646896951e+03 5.669071366037083862e+03 5.666522460329071691e+03
5.682962022716000320e+03 5.691498525912687910e+03 5.689847033782686594e+03
5.701078722063503847e+03 5.712895969688479454e+03 5.712304947291007011e+03
5.717557461678766231e+03 5.733529573479011560e+03 5.733879034970729663e+03
5.732594303579367079e+03 5.753094140211356716e+03 5.753443280667014733e+03
5.745666640754873697e+03 5.771540513517518775e+03 5.772842201316731007e+03
5.757457192533390298e+03 5.788920710462785792e+03 5.790412530410648287e+03
5.769273276220658772e+03 5.806077108488229896e+03 5.808425140753405685e+03
5.779984977723756856e+03 5.821841717584557955e+03 5.827907290441942678e+03
5.789608450870593515e+03 5.835143584669438496e+03 5.845746569461033687e+03
5.797734634906530118e+03 5.846783531050732563e+03 5.860215026951283107e+03
5.804201867438432600e+03 5.857981708165470991e+03 5.869793010924595364e+03
5.808171844076219713e+03 5.867765929185870846e+03 5.876488705471875619e+03
5.811325178618410973e+03 5.877850533804537918e+03 5.886205939834228957e+03
5.815961880686076256e+03 5.893828297985096469e+03 nan
5.450713656173089475e+03 5.348273181227044006e+03 5.310715890011926604e+03
5.484921156788165717e+03 5.417403446334752516e+03 5.393258399957157053e+03
5.524299118121340143e+03 5.490285218006483774e+03 5.479137013550696793e+03
5.560756394710349923e+03 5.544495239730919820e+03 5.543612419692929507e+03
5.596469301489569261e+03 5.590867534761754541e+03 5.592964965941817354e+03
5.624817418687104691e+03 5.628222642795870343e+03 5.632118268002380319e+03
5.648008404595229877e+03 5.654848950423234783e+03 5.659815884124276636e+03
5.669565843597541971e+03 5.679686277267988771e+03 5.684356011820041203e+03
5.689540057394588075e+03 5.702424568648023524e+03 5.705077228014031789e+03
5.707399396476642323e+03 5.723369215646543125e+03 5.724890414178853462e+03
5.725199856576829006e+03 5.744508481636679790e+03 5.746235952131178237e+03
5.740106757440984438e+03 5.762788880388646248e+03 5.763578002956423006e+03
5.756363026629476735e+03 5.782215851181164908e+03 5.782713213977192936e+03
5.771196662725407805e+03 5.800708191336844720e+03 5.801864739384735913e+03
5.784315859177073435e+03 5.817741572626694506e+03 5.819502690468513720e+03
5.795048939154057734e+03 5.831398457875485292e+03 5.834413450605638900e+03
5.804866287781474057e+03 5.844311234957349370e+03 5.850780625817829787e+03
5.813986938018371802e+03 5.856579160119620610e+03 5.867255778139362519e+03
5.820541484643687909e+03 5.866670095317607775e+03 5.875771636051404130e+03
5.825733377673539508e+03 5.877304026426581004e+03 5.885659432456272043e+03
5.829581243680750958e+03 5.885770627427359614e+03 5.894126033457050653e+03
5.833509272494085053e+03 5.895585276254621931e+03 nan
5.464651350518056461e+03 5.370906657706840633e+03 5.334731099922856629e+03
5.497372554006090468e+03 5.437589166133923754e+03 5.422968487109936177e+03
5.534757357345866694e+03 5.506106125185388009e+03 5.504567602522214656e+03
5.568052883516396832e+03 5.556424350055868672e+03 5.561154578741890873e+03
5.600702349302688162e+03 5.598606990220906482e+03 5.603728189592201488e+03
5.627449566391440385e+03 5.633327692455121905e+03 5.639569408667329299e+03
5.651032698098544643e+03 5.660254937963924931e+03 5.667661027511066095e+03
5.672871932350294628e+03 5.686061300120120904e+03 5.693124981820429639e+03
5.693580490445518990e+03 5.709645559443640195e+03 5.714518428147001941e+03
5.711506260266549361e+03 5.730642324815426946e+03 5.734331455800085678e+03
5.729726374568742358e+03 5.751500202423666451e+03 5.754637643003522498e+03
5.747133462214643259e+03 5.771177102676204413e+03 5.772909130590886889e+03
5.765558848415142165e+03 5.791810813479339231e+03 5.791777702354926078e+03
5.782667694393109741e+03 5.810483034986530583e+03 5.808801915541118433e+03
5.797370915556001819e+03 5.827395398096500685e+03 5.825449892444843499e+03
5.808620561504829311e+03 5.840602892643317318e+03 5.839458897092411462e+03
5.818543301612421601e+03 5.852408862985476844e+03 5.852241947003002679e+03
5.827078509170266443e+03 5.862534958951705448e+03 5.864690902731354072e+03
5.832858640861068125e+03 5.869956900258963287e+03 5.875337022214984245e+03
5.837555053758893337e+03 5.875645517007838862e+03 nan
5.842051416858776975e+03 5.880557784407597865e+03 nan
5.847759036768142323e+03 5.886391305254606777e+03 nan
5.476231171625818206e+03 5.393309231975704279e+03 5.359274580651528595e+03
5.506014464338648395e+03 5.454312417025859759e+03 5.451767686986459012e+03
5.540454537510623595e+03 5.514764743061597073e+03 5.521312298221256242e+03
5.572142720874775478e+03 5.562662413802316223e+03 5.569001348355419395e+03
5.603085744270509167e+03 5.603189023781508695e+03 5.608771809222887896e+03
5.630229000272098347e+03 5.637325724238383373e+03 5.643123534128738356e+03
5.653501161112188129e+03 5.664681159703914091e+03 5.671154252785156132e+03
5.674631762515232367e+03 5.690421139154699631e+03 5.697922917297114509e+03
5.696334056758993938e+03 5.715376784040535313e+03 5.721715201592091944e+03
5.714454241330076002e+03 5.735905741853385734e+03 5.741235704471828285e+03
5.734020786843052520e+03 5.757384703027085379e+03 5.761999122813673239e+03
5.753974703521501397e+03 5.778983380737616244e+03 5.781634287297973060e+03
5.774606146002304740e+03 5.800691774869559595e+03 5.800984087893245487e+03
5.792353902541559364e+03 5.819236426459486211e+03 5.815065302206681736e+03
5.806731739667226066e+03 5.834148323874164817e+03 5.828450435897634634e+03
5.818537752539277790e+03 5.847744621109471154e+03 5.842686111798923775e+03
5.828724603261791344e+03 5.859355076794881825e+03 5.854991939530060336e+03
5.836977105055052562e+03 5.868733906891813604e+03 5.865539788845755538e+03
5.842873178491901854e+03 5.875311254205678779e+03 5.874714750572198682e+03
5.848724074099735844e+03 5.881293678467872269e+03 5.874431543904463069e+03
5.854395043271610120e+03 5.887453759912206806e+03 nan
5.858502790287892822e+03 5.885571715249480803e+03 nan
5.484327661702021942e+03 5.413586327794498175e+03 5.397292040304919283e+03
5.513375817898832793e+03 5.471035865113317413e+03 5.483111430559599285e+03
5.543756865135223961e+03 5.520531879374612799e+03 5.532336114569948222e+03
5.574020776680794370e+03 5.567129411493679072e+03 5.574384814090279178e+03
5.605239899788401999e+03 5.607711659124601283e+03 5.612721048835020156e+03
5.632292017013191071e+03 5.639853305716712384e+03 5.643331182933115088e+03
5.655117557476629372e+03 5.667272857193237542e+03 5.670613020212315860e+03
5.674601230047624995e+03 5.691704030291406525e+03 5.695901897570221081e+03
5.696531557742695441e+03 5.717039503724348833e+03 5.723414570887792252e+03
5.716735648927321563e+03 5.739851656430004368e+03 5.746489372557252864e+03
5.738619835747772413e+03 5.763634448809507376e+03 5.769538632998440335e+03
5.760610582981294101e+03 5.786067920808799499e+03 5.789605811341289154e+03
5.783058194067100885e+03 5.809001988475291000e+03 5.810230240824186694e+03
5.801514669011970000e+03 5.827570543526784604e+03 5.821823819739457576e+03
5.816386387781808480e+03 5.843462382134908694e+03 5.834135795425837387e+03
5.827307445556161838e+03 5.855522833221120891e+03 5.847223184759064679e+03
5.837506446585452977e+03 5.866699433837775359e+03 5.860015631065773960e+03
5.845201112715754789e+03 5.875568482679879708e+03 5.869565056210493822e+03
5.851778803024276385e+03 5.883014492059938675e+03 5.875695313509950211e+03
5.858059223843138170e+03 5.889742570943928513e+03 5.879224484387627854e+03
5.861872075833398412e+03 5.894166939588246350e+03 5.881016519716125003e+03
5.866189760485552142e+03 5.896374114086761438e+03 nan
5.490496469411873477e+03 5.432902199645826840e+03 5.433492031662018235e+03
5.515715453890117715e+03 5.477747049818324740e+03 5.497911268445664064e+03
5.544957697339138576e+03 5.525413264970945420e+03 5.543472963802505546e+03
5.575101518176039463e+03 5.572211430874155667e+03 5.582285644308177325e+03
5.605887616843946489e+03 5.607725493925311639e+03 5.612903455270864470e+03
5.630166417863371862e+03 5.637636775153497183e+03 5.639919615305996558e+03
5.654304690917665539e+03 5.667224288137401345e+03 5.668321311788462481e+03
5.673715785313214838e+03 5.691312333074427443e+03 5.693192375779594840e+03
5.695310684636306178e+03 5.717342719200994907e+03 5.722145711475252028e+03
5.717627952814898890e+03 5.742422316544681053e+03 5.749641712133530746e+03
5.742381813061774665e+03 5.769043118927793330e+03 5.777094722258707407e+03
5.766372516740783794e+03 5.792720768976424552e+03 5.798972177692446166e+03
5.789029922308810455e+03 5.814168576673844655e+03 5.816719897635382040e+03
5.810054860281282345e+03 5.835892104505326643e+03 5.830201060514815254e+03
5.823555748296909769e+03 5.850982682230006503e+03 5.839958346785428148e+03
5.834979054469110451e+03 5.863739597296655120e+03 5.854374594301142679e+03
5.845122185030006221e+03 5.875080979343810213e+03 5.868351207465650987e+03
5.852040998005123583e+03 5.883180533687680509e+03 5.876575157152809879e+03
5.857945624066945129e+03 5.890082218495866073e+03 5.882811359071938568e+03
5.862671158946891410e+03 5.895399050776109107e+03 5.886023653543156797e+03
5.866180120509031440e+03 5.899348873356375407e+03 5.886403033126462105e+03
5.871159729170119135e+03 5.903114532046874956e+03 5.889863566110133434e+03
5.491225000103120692e+03 5.442092947723992438e+03 5.463755017850437071e+03
5.517522594811525778e+03 5.485682516425249560e+03 5.507371031998549370e+03
5.545757360455106209e+03 5.529798917164795967e+03 5.549518453327311363e+03
5.573145791145341718e+03 5.568676742461067079e+03 5.584508160938755282e+03
5.601304937381268246e+03 5.601356402067838644e+03 5.607400459734121796e+03
5.627736117028009176e+03 5.632878603873621614e+03 5.630412033329780570e+03
5.652897685976457069e+03 5.660865912263575410e+03 5.659095779447174209e+03
5.672201221564678235e+03 5.685317049866785055e+03 5.687399650618562191e+03
5.693677910823211278e+03 5.712735339762616604e+03 5.717748556609707521e+03
5.717173018616726949e+03 5.742392501310856460e+03 5.749738223782651403e+03
5.744439804360839844e+03 5.772631701797077767e+03 5.781897330811284519e+03
5.770597163099317186e+03 5.797842752153031142e+03 5.807345709623396942e+03
5.795132161214473854e+03 5.819910920616954172e+03 5.825272346861885126e+03
5.815136815769962595e+03 5.841322968253876752e+03 5.837871689058880293e+03
5.830705881852657512e+03 5.859018435667612721e+03 5.847141985210143503e+03
5.841693272998218163e+03 5.871723240148238801e+03 5.865843150680003419e+03
5.850355113020802492e+03 5.881941875166642603e+03 5.877654961797562464e+03
5.856919104663137659e+03 5.889780796577645560e+03 5.884861048003615906e+03
5.862232677279265772e+03 5.895787475916146832e+03 5.889077523309128992e+03
5.866361075689040263e+03 5.900426200763674387e+03 5.891670234271130539e+03
5.870065005377761736e+03 5.904078053793993604e+03 5.892031268946642740e+03
5.873052301470640487e+03 5.906052372102965819e+03 5.893022718659280144e+03
