5.477846021589848533e+03
5.447556964862321365e+03
5.457026102015405741e+03
5.545509109303542573e+03
5.524962593554265368e+03
5.540094955477329677e+03
5.379058035346937686e+03
5.350025275768119172e+03
5.359501724296065731e+03
5.386023055978202137e+03
5.273099819543745980e+03
5.322501161991429399e+03
5.310023285440844120e+03
5.203193372090786397e+03
nan
5.283775616468459702e+03
5.186971432144247046e+03
nan
nan
nan
nan
5.307405837478488138e+03
5.270803972201994839e+03
nan
5.330569999439690037e+03
5.143547116692438067e+03
nan
5.515662406990495583e+03
5.436147632846070337e+03
nan
nan
nan
nan
5.497439911329329334e+03
5.451292597683707754e+03
5.451973770300550314e+03
5.394801892908815717e+03
5.239562338663065930e+03
nan
5.409202145466470029e+03
5.377940545924130674e+03
5.370207025782353412e+03
5.249545450678166162e+03
nan
nan
5.508570278160543239e+03
5.466962375516972315e+03
5.483710417986409993e+03
5.297461353733389842e+03
5.244471187834975353e+03
5.229548511472519749e+03
5.275536464295043515e+03
nan
nan
5.411595997027714475e+03
5.249799422490836150e+03
nan
5.315565497913229592e+03
5.271666897315899405e+03
nan
5.341790047777827567e+03
5.325160297241099215e+03
5.303741354158069953e+03
5.293032757134604253e+03
5.231897362929120391e+03
5.249956536416233575e+03
5.476820058048841929e+03
5.359888220575590822e+03
nan
5.406523647131439247e+03
5.435170931467411719e+03
5.452935808948916019e+03
5.514512662008247389e+03
5.428096431980659872e+03
nan
5.385494006989883019e+03
5.393624124172667507e+03
5.387563101174162512e+03
5.513193562261576517e+03
5.473587061235858528e+03
5.451883503227465553e+03
5.543542776180660439e+03
5.538152204280107071e+03
5.546945916310237408e+03
5.321934976823972647e+03
nan
nan
5.697857949556929270e+03
5.711357690595612439e+03
5.712567993378200299e+03
5.309847639359210916e+03
nan
nan
5.512592096972452055e+03
5.463286340355543871e+03
5.445793357776490666e+03
5.639802218191314751e+03
5.647611431232182440e+03
5.654342376923396841e+03
5.587944457983132452e+03
5.535657550597920817e+03
5.483566933226765286e+03
5.320466032527395328e+03
5.280218736537209224e+03
nan
5.369574155524091111e+03
5.375934940371466837e+03
nan
5.640989224826701502e+03
5.633722010700836108e+03
5.616479865003422674e+03
5.734205525796166512e+03
5.774664424789499208e+03
5.789877716739033531e+03
5.299478304630535604e+03
nan
nan
5.507221006785011014e+03
5.495958406914758598e+03
5.504094341099913436e+03
5.778323612048272480e+03
5.817354995990996031e+03
5.821577893606315229e+03
5.745096246980434444e+03
5.778077478992719989e+03
5.778237642074753239e+03
5.448129981425341612e+03
5.418318623505427240e+03
5.395647955178270422e+03
5.720054982284982543e+03
5.786141750595177655e+03
nan
5.300376455487565181e+03
nan
nan
5.664199875561288536e+03
5.670485045152428029e+03
5.668149657028683578e+03
5.731655974501062701e+03
5.766519786982342339e+03
5.770346932619432664e+03
5.534085504544054857e+03
5.505078208164383796e+03
5.502942868321282731e+03
nan
nan
nan
5.626113013091720859e+03
5.632466570543841044e+03
5.636460430948458452e+03
5.790512669221399847e+03
5.816535284881161715e+03
5.814732209592244544e+03
5.704585127638609265e+03
5.758068311145224470e+03
nan
5.578163259133383690e+03
5.535995619342247664e+03
5.512918521941093786e+03
5.518362435335082409e+03
5.477501832309650126e+03
5.463189488452985643e+03
5.669618633566853532e+03
5.686768821058411049e+03
5.680098777451063143e+03
5.522732525337497464e+03
5.531013879495062611e+03
5.556383668976995978e+03
5.519692180614831159e+03
5.479501057143554135e+03
5.465346777577095963e+03
5.668494832935281011e+03
5.683845029501716454e+03
5.676630097880644826e+03
5.673198146902050212e+03
5.675741587432848974e+03
5.666413036772788473e+03
5.654045692202200371e+03
5.665046249958668341e+03
5.664827958003860658e+03
5.549268694360975132e+03
5.533901481035453799e+03
5.540426721804369663e+03
5.864923231708433377e+03
5.898490093746751882e+03
5.889554400233726483e+03
5.314933833500193032e+03
5.282309727188870966e+03
nan
5.785758359638324691e+03
5.818954308564987514e+03
5.820416427233653849e+03
5.501946806907453720e+03
5.503999224318415145e+03
5.493994332793699868e+03
5.615303428825939591e+03
5.605409977977653398e+03
5.614999209304476608e+03
5.680024377659334277e+03
5.689640708582022853e+03
5.674835719822271130e+03
5.455727344121711212e+03
5.436790519029348616e+03
5.440769323930702740e+03
5.482045930536251035e+03
5.430915913347579590e+03
5.419819266364856958e+03
5.632011019695249161e+03
5.631539775714325515e+03
5.621282114700383318e+03
5.751704273986490080e+03
5.776282269532220198e+03
5.777708578789234707e+03
5.592410174966681552e+03
5.589187392692202593e+03
5.595016594628424173e+03
5.698166608138083575e+03
5.716769836588811813e+03
5.722559062407405690e+03
5.714758787559560005e+03
5.729341397795306875e+03
5.728898408357726112e+03
5.676604033761072060e+03
5.695125922488096876e+03
5.699313616879257097e+03
5.536763802203735395e+03
5.529853903191793506e+03
5.532168177347851270e+03
nan
nan
nan
5.759085055598675353e+03
5.806640739995647891e+03
5.822381852510772660e+03
5.821677259203540416e+03
5.849420971084953635e+03
5.840891883474128917e+03
nan
nan
nan
nan
nan
nan
5.558688096109517573e+03
5.541213039766632392e+03
5.542729915104633619e+03
5.753504623493901818e+03
5.809204615881200880e+03
5.822698162615835827e+03
5.710143905846620328e+03
5.740345339797029737e+03
5.750370428714674745e+03
5.463755859444288944e+03
5.425889176751185005e+03
5.415451799692623354e+03
5.708359682037701532e+03
5.737902471710725877e+03
5.747551738338575888e+03
5.620504952428877004e+03
5.582672966479115530e+03
5.539881971574353884e+03
5.743366522517487283e+03
nan
nan
5.832689692707927861e+03
5.879732171129852759e+03
nan
5.471112334772291433e+03
5.494008952050464359e+03
5.517644904913681785e+03
5.744188960922189835e+03
5.770497042529634200e+03
5.777901505340356380e+03
5.832324941132856111e+03
5.879997493617851433e+03
nan
5.585543335452321116e+03
5.586733222873971499e+03
5.591512000729720057e+03
5.604548753517382465e+03
5.590168946306831458e+03
nan
5.709132613203911205e+03
5.765105241987223962e+03
nan
5.826213673366422881e+03
5.856344438021993483e+03
5.851622200241892642e+03
5.551769517973003531e+03
5.616747122832102832e+03
5.647174562977134883e+03
5.838706039767930633e+03
5.887061360457189949e+03
nan
5.541571558950393410e+03
5.600837328716045704e+03
5.628939127178693525e+03
5.504965729634431227e+03
5.543943114500017145e+03
5.583102021811295344e+03
5.612416896330463715e+03
5.617761447400436737e+03
5.629116446427306073e+03
5.647213295095863032e+03
5.641605705710208895e+03
5.625992940170972361e+03
5.656004270186839676e+03
5.667917399248222864e+03
5.673641974204773760e+03
nan
nan
nan
5.433751997738766477e+03
5.415680482134797785e+03
5.393414694173565294e+03
5.299478304630535604e+03
nan
nan
5.650912911502623501e+03
5.646614480551680572e+03
5.629694816152690692e+03
5.668914790137425371e+03
5.684504177752259238e+03
5.685799733731835659e+03
5.694656584385043061e+03
5.707612535044491779e+03
5.708941149898921140e+03
5.511558638613296353e+03
5.492123466708617343e+03
5.495667691076315350e+03
5.481423354908050896e+03
5.478269041821364226e+03
5.477199895675589687e+03
5.464624354200570451e+03
5.424742690209787725e+03
5.431819061067863004e+03
5.631039873836411061e+03
5.637243264812948837e+03
5.643464914795521508e+03
5.741700101228240783e+03
5.764693571997608160e+03
5.765856515615128956e+03
nan
nan
nan
nan
nan
nan
5.683375277031079349e+03
5.706053384717226436e+03
5.718037052114097605e+03
5.717657463198809637e+03
5.753318190930105629e+03
5.761476687822165331e+03
5.789981330121023348e+03
5.841644593970308961e+03
5.855235017570050331e+03
5.464923136340591554e+03
5.420954104159235612e+03
5.418326214126972445e+03
5.450389973463776187e+03
5.468100987395800985e+03
5.483416411358271034e+03
nan
nan
nan
5.846310675661900859e+03
5.876523870039785834e+03
5.869850551211301536e+03
5.442031297751598686e+03
5.408466303954173782e+03
5.402854877415469673e+03
5.819155197354203665e+03
5.849089229781129688e+03
5.844772236399018766e+03
5.613006291593657807e+03
5.602060834462703497e+03
5.611741373616320743e+03
5.521955221056972732e+03
5.529196884908966240e+03
5.553597891132601944e+03
5.427783768301856071e+03
5.449491712900783568e+03
5.468669178523719893e+03
5.511184098566278408e+03
5.491122204625100494e+03
5.494282390826544543e+03
5.500848407475339627e+03
5.509407969538116049e+03
5.483097198980776739e+03
5.704061669183678532e+03
5.724986783152909084e+03
5.731254553512576422e+03
5.672890410428048199e+03
5.686503989327860836e+03
nan
5.338348802290196545e+03
5.317078044094384495e+03
nan
5.605658614182210840e+03
5.598061539392823761e+03
5.589884326871289886e+03
5.335762915452311063e+03
5.311547053028657501e+03
nan
