[[5477.84602159 5447.55696486 5457.02610202]
 [5545.5091093  5524.96259355 5540.09495548]
 [5379.05803535 5350.02527577 5359.5017243 ]
 [5386.02305598 5273.09981954 5322.50116199]
 [5310.02328544 5203.19337209           nan]
 [5283.77561647 5186.97143214           nan]
 [          nan           nan           nan]
 [5307.40583748 5270.8039722            nan]
 [5330.56999944 5143.54711669           nan]
 [5515.66240699 5436.14763285           nan]
 [          nan           nan           nan]
 [5497.43991133 5451.29259768 5451.9737703 ]
 [5394.80189291 5239.56233866           nan]
 [5409.20214547 5377.94054592 5370.20702578]
 [5249.54545068           nan           nan]
 [5508.57027816 5466.96237552 5483.71041799]
 [5297.46135373 5244.47118783 5229.54851147]
 [5275.5364643            nan           nan]
 [5411.59599703 5249.79942249           nan]
 [5315.56549791 5271.66689732           nan]
 [5341.79004778 5325.16029724 5303.74135416]
 [5293.03275713 5231.89736293 5249.95653642]
 [5476.82005805 5359.88822058           nan]
 [5406.52364713 5435.17093147 5452.93580895]
 [5514.51266201 5428.09643198           nan]
 [5385.49400699 5393.62412417 5387.56310117]
 [5513.19356226 5473.58706124 5451.88350323]
 [5543.54277618 5538.15220428 5546.94591631]
 [5321.93497682           nan           nan]
 [5697.85794956 5711.3576906  5712.56799338]
 [5309.84763936           nan           nan]
 [5512.59209697 5463.28634036 5445.79335778]
 [5639.80221819 5647.61143123 5654.34237692]
 [5587.94445798 5535.6575506  5483.56693323]
 [5320.46603253 5280.21873654           nan]
 [5369.57415552 5375.93494037           nan]
 [5640.98922483 5633.7220107  5616.479865  ]
 [5734.2055258  5774.66442479 5789.87771674]
 [5299.47830463           nan           nan]
 [5507.22100679 5495.95840691 5504.0943411 ]
 [5778.32361205 5817.35499599 5821.57789361]
 [5745.09624698 5778.07747899 5778.23764207]
 [5448.12998143 5418.31862351 5395.64795518]
 [5720.05498228 5786.1417506            nan]
 [5300.37645549           nan           nan]
 [5664.19987556 5670.48504515 5668.14965703]
 [5731.6559745  5766.51978698 5770.34693262]
 [5534.08550454 5505.07820816 5502.94286832]
 [          nan           nan           nan]
 [5626.11301309 5632.46657054 5636.46043095]
 [5790.51266922 5816.53528488 5814.73220959]
 [5704.58512764 5758.06831115           nan]
 [5578.16325913 5535.99561934 5512.91852194]
 [5518.36243534 5477.50183231 5463.18948845]
 [5669.61863357 5686.76882106 5680.09877745]
 [5522.73252534 5531.0138795  5556.38366898]
 [5519.69218061 5479.50105714 5465.34677758]
 [5668.49483294 5683.8450295  5676.63009788]
 [5673.1981469  5675.74158743 5666.41303677]
 [5654.0456922  5665.04624996 5664.827958  ]
 [5549.26869436 5533.90148104 5540.4267218 ]
 [5864.92323171 5898.49009375 5889.55440023]
 [5314.9338335  5282.30972719           nan]
 [5785.75835964 5818.95430856 5820.41642723]
 [5501.94680691 5503.99922432 5493.99433279]
 [5615.30342883 5605.40997798 5614.9992093 ]
 [5680.02437766 5689.64070858 5674.83571982]
 [5455.72734412 5436.79051903 5440.76932393]
 [5482.04593054 5430.91591335 5419.81926636]
 [5632.0110197  5631.53977571 5621.2821147 ]
 [5751.70427399 5776.28226953 5777.70857879]
 [5592.41017497 5589.18739269 5595.01659463]
 [5698.16660814 5716.76983659 5722.55906241]
 [5714.75878756 5729.3413978  5728.89840836]
 [5676.60403376 5695.12592249 5699.31361688]
 [5536.7638022  5529.85390319 5532.16817735]
 [          nan           nan           nan]
 [5759.0850556  5806.64074    5822.38185251]
 [5821.6772592  5849.42097108 5840.89188347]
 [          nan           nan           nan]
 [          nan           nan           nan]
 [5558.68809611 5541.21303977 5542.7299151 ]
 [5753.50462349 5809.20461588 5822.69816262]
 [5710.14390585 5740.3453398  5750.37042871]
 [5463.75585944 5425.88917675 5415.45179969]
 [5708.35968204 5737.90247171 5747.55173834]
 [5620.50495243 5582.67296648 5539.88197157]
 [5743.36652252           nan           nan]
 [5832.68969271 5879.73217113           nan]
 [5471.11233477 5494.00895205 5517.64490491]
 [5744.18896092 5770.49704253 5777.90150534]
 [5832.32494113 5879.99749362           nan]
 [5585.54333545 5586.73322287 5591.51200073]
 [5604.54875352 5590.16894631           nan]
 [5709.1326132  5765.10524199           nan]
 [5826.21367337 5856.34443802 5851.62220024]
 [5551.76951797 5616.74712283 5647.17456298]
 [5838.70603977 5887.06136046           nan]
 [5541.57155895 5600.83732872 5628.93912718]
 [5504.96572963 5543.9431145  5583.10202181]
 [5612.41689633 5617.7614474  5629.11644643]
 [5647.2132951  5641.60570571 5625.99294017]
 [5656.00427019 5667.91739925 5673.6419742 ]
 [          nan           nan           nan]
 [5433.75199774 5415.68048213 5393.41469417]
 [5299.47830463           nan           nan]
 [5650.9129115  5646.61448055 5629.69481615]
 [5668.91479014 5684.50417775 5685.79973373]
 [5694.65658439 5707.61253504 5708.9411499 ]
 [5511.55863861 5492.12346671 5495.66769108]
 [5481.42335491 5478.26904182 5477.19989568]
 [5464.6243542  5424.74269021 5431.81906107]
 [5631.03987384 5637.24326481 5643.4649148 ]
 [5741.70010123 5764.693572   5765.85651562]
 [          nan           nan           nan]
 [          nan           nan           nan]
 [5683.37527703 5706.05338472 5718.03705211]
 [5717.6574632  5753.31819093 5761.47668782]
 [5789.98133012 5841.64459397 5855.23501757]
 [5464.92313634 5420.95410416 5418.32621413]
 [5450.38997346 5468.1009874  5483.41641136]
 [          nan           nan           nan]
 [5846.31067566 5876.52387004 5869.85055121]
 [5442.03129775 5408.46630395 5402.85487742]
 [5819.15519735 5849.08922978 5844.7722364 ]
 [5613.00629159 5602.06083446 5611.74137362]
 [5521.95522106 5529.19688491 5553.59789113]
 [5427.7837683  5449.4917129  5468.66917852]
 [5511.18409857 5491.12220463 5494.28239083]
 [5500.84840748 5509.40796954 5483.09719898]
 [5704.06166918 5724.98678315 5731.25455351]
 [5672.89041043 5686.50398933           nan]
 [5338.34880229 5317.07804409           nan]
 [5605.65861418 5598.06153939 5589.88432687]
 [5335.76291545 5311.54705303           nan]]