-1.925956809332637931e+01 4.812755827767432493e+00 2.407232392109381180e+01
-5.488412995094222424e+00 2.145246357432370132e+01 2.694087656941792375e+01
2.734807402247497521e+00 3.040751251091751328e+01 2.767270510867001576e+01
1.252318407076654694e+01 4.807269438393086602e+01 3.554951031316431909e+01
2.018061208270682982e+01 5.518872840204949171e+01 3.500811631934266188e+01
2.964057883582336217e+01 5.909313022375226865e+01 2.945255138792890648e+01
3.714951045080943004e+01 6.527766160092323844e+01 2.812815115011380840e+01
4.051087768361321650e+01 6.910763996941386722e+01 2.859676228580065072e+01
3.943559827183889865e+01 6.739062480659049470e+01 2.795502653475159605e+01
3.973790896317223087e+01 6.191356131043539790e+01 2.217565234726316703e+01
3.957875561229047889e+01 5.748838794558105292e+01 1.790963233329057402e+01
3.900940301130503940e+01 6.049536072988757951e+01 2.148595771858254011e+01
4.194430425318023481e+01 6.829929446021742478e+01 2.635499020703718998e+01
4.686159667507854465e+01 8.119273764806530380e+01 3.433114097298675915e+01
5.469547233040793799e+01 1.014233832158870428e+02 4.672791088547910476e+01
6.247622859602051903e+01 1.171902144453615620e+02 5.471398584934104292e+01
7.117514368077991094e+01 1.272320291807627655e+02 5.605688549998285453e+01
7.977171180015648133e+01 1.358285973001393359e+02 5.605688549998285453e+01
9.157338492241797212e+01 1.459251414857526470e+02 5.435175656333467487e+01
9.481307263477901870e+01 1.339757439187333148e+02 3.916267128395429609e+01
9.474410145123420079e+01 nan nan
9.487809478333474544e+01 nan nan
-2.563153265541768633e+01 -1.213660059642188571e+01 1.349493205899580062e+01
-1.366969714941023994e+01 -6.558163643029729428e+00 7.111533506380510516e+00
-5.390064024501043605e+00 -2.486877635583368829e+00 2.903186388917674776e+00
4.946147305119666271e+00 9.706014723744374351e+00 4.759867418624708080e+00
1.314877522637470975e+01 2.189802600117036491e+01 8.749250774795655161e+00
2.125061768867544743e+01 3.560538582314256928e+01 1.435476813446712185e+01
2.687874490876220079e+01 4.235606068941160629e+01 1.547731578064940550e+01
3.051580744432430947e+01 5.144589409302534477e+01 2.093008664870103530e+01
3.157405052026388148e+01 5.728453009815348196e+01 2.571047957788960048e+01
2.937114642931828712e+01 4.991046420232851233e+01 2.053931777301022521e+01
2.798270378547113069e+01 4.626787258387685142e+01 1.828516879840572074e+01
2.706427518699092616e+01 4.839904885353917052e+01 2.133477366654824436e+01
2.812756610251926759e+01 5.397540381987073488e+01 2.584783771735146729e+01
3.319187430902002234e+01 6.491074207181281963e+01 3.171886776279279729e+01
3.721927585851426556e+01 7.600766459352325910e+01 3.878838873500899354e+01
4.599615503537006589e+01 9.029902622076679108e+01 4.430287118539672520e+01
5.911789552911250212e+01 1.109344183099401562e+02 5.181652278082765406e+01
6.624384127783287113e+01 1.193819183845944281e+02 5.313807710676155693e+01
7.452697841607368900e+01 1.181685981196187640e+02 4.364161970354507503e+01
8.511429837596824655e+01 1.213120322746335660e+02 3.619773389866531943e+01
9.294205095517190784e+01 1.299676140407182174e+02 3.702556308554630959e+01
9.410454151464364259e+01 1.332672127985979387e+02 3.916267128395429609e+01
-3.652754328693845309e+01 -3.898669146358315629e+01 -2.459148176644703199e+00
-2.516168250440841803e+01 -3.823687740870445850e+01 -1.307519490429604048e+01
-1.771673590145474009e+01 -4.287703314255395526e+01 -2.516029724109921517e+01
-8.722255855003822944e+00 -2.670633501412066835e+01 -1.798407915911684540e+01
9.398507880378019763e-01 -1.089115484844660386e+01 -1.183100563648440584e+01
1.103747551271590055e+01 4.884887148027701187e+00 -6.152588364688199363e+00
1.518200968689416186e+01 1.671517745834444213e+01 1.533167771450280270e+00
1.891924100083997473e+01 3.189515684440902987e+01 1.297591584356905514e+01
1.886372389378811931e+01 3.616679706558261387e+01 1.730307317179449456e+01
1.746771314102534234e+01 2.949927065918109292e+01 1.203155751815575059e+01
1.580084096212158329e+01 2.879794397790010407e+01 1.299710301577852078e+01
1.266783378035870555e+01 2.871212885763907252e+01 1.604429507728036697e+01
1.306752007068826060e+01 3.083639196351123246e+01 1.776887189282297186e+01
1.567311725837043923e+01 3.680816219024291058e+01 2.113504493187247135e+01
1.851587136029320391e+01 4.714007187537572463e+01 2.862420051508252072e+01
2.847582394588062016e+01 6.077061276788845134e+01 3.229478882200783119e+01
4.272369418514608697e+01 8.082184071086248878e+01 3.809814652571640181e+01
5.405255809004484036e+01 9.380042539938494883e+01 3.974786730934010848e+01
6.383017979620399274e+01 9.983443399529733142e+01 3.600425419909333868e+01
7.463854212913065567e+01 1.078517043130359525e+02 3.321316218390529684e+01
8.236851437140103371e+01 1.154004334765631938e+02 3.303191910516216012e+01
9.337900959113449062e+01 1.268938129636708254e+02 3.351480337253633479e+01
-4.656505638414819259e+01 -5.543542006817369838e+01 -8.870363684025505790e+00
-3.777752857886480342e+01 -5.871135126679291716e+01 -2.093382268792811374e+01
-3.026785372117319639e+01 -5.489575464561767149e+01 -2.462790092444447509e+01
-2.278015314924869017e+01 -4.564309369675538619e+01 -2.286294054750669602e+01
-1.317797317691292847e+01 -3.112041403711828025e+01 -1.794244086020535178e+01
-3.521162627353987773e+00 -1.433343520561084006e+01 -1.081227257825685228e+01
3.475756600293607335e+00 -3.460685560107776837e+00 -6.936442160401384172e+00
5.774190591337173828e+00 2.309841437363502337e+00 -3.464349153973671491e+00
3.603130941271956544e+00 -2.756183616608723241e+00 -6.359314557880679786e+00
2.724154084896326822e+00 -2.172737252682964026e+00 -4.896891337579290848e+00
-4.598719544364939793e-01 -7.486623681511446193e+00 -7.026751727074952214e+00
-4.905148533869578387e+00 -8.713088114836864406e+00 -3.807939580967286020e+00
-2.996582640322230873e+00 -1.867117293678347778e+00 1.129465346643883095e+00
-1.325633247975019913e+00 -1.816954524717402819e+00 -4.913212767423829064e-01
1.823540279304324940e+00 8.374260465446241142e+00 6.550720186141916201e+00
1.118979943302292668e+01 2.206658884486569150e+01 1.087678941184276482e+01
2.315104156519009848e+01 3.112708716298766376e+01 7.976045597797565279e+00
3.731821369759654772e+01 4.931736817318505928e+01 1.199915447558851156e+01
5.050344339269577176e+01 7.004394584567762649e+01 1.954050245298185473e+01
5.955398268503267900e+01 8.872513754444844380e+01 2.917115485941576480e+01
6.864030700674902619e+01 9.999030646364190034e+01 3.134999945689287415e+01
8.162386368090665201e+01 1.126442580577686385e+02 3.102039437686198653e+01
-5.358218876587488921e+01 -6.417516998746032186e+01 -1.059298122158543265e+01
-4.783231188401896361e+01 -6.801224125916724006e+01 -2.017992937514827645e+01
-4.285493016665714094e+01 -6.372405166196949722e+01 -2.086912149531235627e+01
-3.508423024016065028e+01 -5.610908194538296812e+01 -2.102485170522231783e+01
-2.684533095134884206e+01 -3.693828604991722386e+01 -1.009295509856838180e+01
-1.851704770231663133e+01 -1.950693075191338721e+01 -9.898830495967558818e-01
-1.187962392666486267e+01 -1.110919539132191858e+01 7.704285353429440875e-01
-8.095746898871766462e+00 -1.396723715645566699e+01 -5.871490257583900529e+00
-1.096689626921124727e+01 -3.170128969225879700e+01 -2.073439342304754973e+01
-1.301576810073402157e+01 -3.711529941367189167e+01 -2.409953131293787010e+01
-1.743620972841108596e+01 -4.071046709609163372e+01 -2.327425736768054776e+01
-1.952163499612106534e+01 -4.336595724243761651e+01 -2.384432224631655117e+01
-1.894305088410874305e+01 -3.992477721582054073e+01 -2.098172633171179768e+01
-1.774232265413866116e+01 -3.286597458086180268e+01 -1.512365192672314151e+01
-1.563760679168080969e+01 -2.703181189458700828e+01 -1.139420510290619859e+01
-6.071719546554049884e+00 -1.842955145963605901e+01 -1.235783191308200912e+01
6.329201761974218243e+00 -1.409604743728414178e+01 -2.042524919925836002e+01
2.312311214482633659e+01 1.340289861186010967e+01 -9.720213532966226921e+00
3.781946912581406650e+01 4.463009055011571036e+01 6.810621424301643856e+00
4.790902008488683350e+01 6.857865098418642447e+01 2.066963089929959096e+01
5.563331521452255402e+01 8.541149699752259039e+01 2.977818178300003638e+01
6.585063328777778224e+01 9.480576961982387729e+01 2.895513633204609505e+01
-6.042872298327347380e+01 -7.489991081824882713e+01 -1.447118783497535333e+01
-5.460550997649534111e+01 -7.051758448106647847e+01 -1.591207450457113737e+01
-4.738863491938718653e+01 -6.429564564268548565e+01 -1.690701072329829913e+01
-4.063256127362092229e+01 -5.468622862910433469e+01 -1.405366735548341239e+01
-3.428003883800556650e+01 -3.424999672521698812e+01 3.004211278857837897e-02
-2.929112766303205717e+01 -2.105805508887897304e+01 8.233072574153084133e+00
-2.383800630021596589e+01 -1.486074101095618971e+01 8.977265289259776182e+00
-2.054293296151445247e+01 -2.038473112523934105e+01 1.582018362751114182e-01
-2.372558711137025966e+01 -3.552857375624444103e+01 -1.180298664487418137e+01
-2.744247291713872983e+01 -4.427948341571845958e+01 -1.683701049857972976e+01
-2.920903839678521763e+01 -4.859730252344070323e+01 -1.938826412665548560e+01
-3.044616510115884012e+01 -5.397851717396679305e+01 -2.353235207280795294e+01
-3.247743625800740119e+01 -5.384617095859084657e+01 -2.136873470058344537e+01
-3.122183003720056149e+01 -4.663409932486138132e+01 -1.541226928766081983e+01
-2.974997503292433976e+01 -4.180813248949743866e+01 -1.205815745657309890e+01
-2.201584894931238523e+01 -3.729453497822760255e+01 -1.527868602891521732e+01
-7.076154882302034821e+00 -3.488195848302621016e+01 -2.780580360072417534e+01
9.175753902049109456e+00 -1.925404836294819688e+01 -2.842980226499730634e+01
2.465828549495199695e+01 1.516318617363140220e+01 -9.495099321320594754e+00
3.868495779223485442e+01 5.002406210814297083e+01 1.133910431590811640e+01
4.622852477606556931e+01 7.781098526338064403e+01 3.158246048731507472e+01
5.449757127765860787e+01 8.262389074400743993e+01 2.812631946634883207e+01
-6.988357418930081622e+01 -8.435476202427616954e+01 -1.447118783497535333e+01
-6.254181510519902076e+01 -7.701300294017437409e+01 -1.447118783497535333e+01
-5.279603882287301531e+01 -6.726722665784836863e+01 -1.447118783497535333e+01
-4.439829379569800949e+01 -5.600447302511383896e+01 -1.160617922941582947e+01
-3.774827358579568681e+01 -3.725782834009987710e+01 4.904452456958097173e-01
-3.133822162776050391e+01 -2.136349739587967633e+01 9.974724231880827574e+00
-2.725078084774122544e+01 -1.727605661586039787e+01 9.974724231880827574e+00
-2.608851085055903241e+01 -2.126854701163028949e+01 4.819963838928742916e+00
-2.967196140408759675e+01 -3.405375135046051582e+01 -4.381789946372919076e+00
-3.303061583196904394e+01 -4.058303293262997613e+01 -7.552417100660932192e+00
-3.557814266218974808e+01 -4.559069624125004339e+01 -1.001255357906029531e+01
-3.739659391136319755e+01 -4.737282496628813533e+01 -9.976231054924937780e+00
-3.957605573158434709e+01 -4.883095976166532637e+01 -9.254904030080979283e+00
-4.173957658450490271e+01 -5.051309080266128149e+01 -8.773514218156378774e+00
-4.213347017298929131e+01 -4.966289271196365007e+01 -7.529422538974358758e+00
-3.731628018683932169e+01 -5.094483654249961546e+01 -1.362855635566029378e+01
-2.118730745290940831e+01 -4.846587543659916264e+01 -2.727856798368975433e+01
-4.717103154846881807e+00 -3.787837251550536166e+01 -3.316126936065847985e+01
1.004083511768931203e+01 1.976581471195459017e+00 -8.064253646493853012e+00
2.426994160474168893e+01 3.715402527572678082e+01 1.288408367098509189e+01
3.282549331422524119e+01 6.523729751883183781e+01 3.241180420460659661e+01
4.205134820708371990e+01 8.170368299905021559e+01 3.965233479196649569e+01
-7.724858432705696032e+01 -8.999450521489688981e+01 -1.274592088783992949e+01
-6.805230332351948164e+01 -8.252349115849483496e+01 -1.447118783497535333e+01
-5.567839968390762806e+01 -7.014958751888298139e+01 -1.447118783497535333e+01
-4.700030052919009904e+01 -6.147148836416545237e+01 -1.447118783497535333e+01
-4.105951504399490659e+01 -4.219647782652918977e+01 -1.136962782534283178e+00
-3.292736991242963995e+01 -2.491679388149532315e+01 8.010576030934316805e+00
-2.865433111075708439e+01 -1.867960687887625681e+01 9.974724231880827574e+00
-2.599818495852832712e+01 -2.066448604320885352e+01 5.333698915319473599e+00
-2.614452913196964801e+01 -2.427395346228513517e+01 1.870575669684512832e+00
-2.754737229780857888e+01 -2.751321923971318029e+01 3.415305809539859183e-02
-3.116251276772618439e+01 -2.863769154204692313e+01 2.524821225679261261e+00
-3.709064325779399951e+01 -3.104111882222969143e+01 6.049524435564308078e+00
-4.128948793223025859e+01 -3.816630686110966053e+01 3.123181071120598062e+00
-4.382070375093553594e+01 -4.278745761897971533e+01 1.033246131955820601e+00
-4.616536516431460768e+01 -4.678584806836170173e+01 -6.204829040470940527e-01
-4.372162569566353341e+01 -5.073130812982526550e+01 -7.009682434161732090e+00
-3.286119265608613205e+01 -5.283158081434339692e+01 -1.997038815825726488e+01
-1.716273584307145939e+01 -3.760869915729745117e+01 -2.044596331422599178e+01
-1.088556425108436088e+00 4.720408026514633093e-03 1.093276833134950721e+00
1.086757626104190422e+01 3.328193914071835025e+01 2.241436287967644603e+01
1.937324322647236841e+01 5.390708883689421782e+01 3.453384561042184941e+01
2.788625573406261537e+01 6.779916774111916311e+01 3.991291200705654774e+01
-7.555446220153135073e+01 -6.459208996190136531e+01 1.096237223962998542e+01
-6.657692410508570902e+01 -7.706757211012245534e+01 -1.049064800503674633e+01
-5.696888563813354267e+01 -7.144007347310889600e+01 -1.447118783497535333e+01
-4.792698192756415665e+01 -5.960965998395568022e+01 -1.168267805639152357e+01
-4.089925511300043581e+01 -4.883980103713111021e+01 -7.940545924130674393e+00
-3.368234182235391927e+01 -3.837234049136986869e+01 -4.689998669015949417e+00
-2.626949216600041837e+01 -2.797156478130909818e+01 -1.702072615308679815e+00
-2.341146610521354887e+01 -2.124256705717289151e+01 2.168899048040657362e+00
-2.177138106156871800e+01 -1.916183533502498904e+01 2.609545726543728961e+00
-2.183125480766921100e+01 -1.934844787320253090e+01 2.482806934466680104e+00
-2.739919791022384743e+01 -2.298885406162389700e+01 4.410343848599950434e+00
-3.382606120370110148e+01 -2.661324124520251644e+01 7.212819958498585038e+00
-3.955150507169855700e+01 -3.154095368303660507e+01 8.010551388661951933e+00
-4.499693512842986820e+01 -4.527122517709267413e+01 -2.742900486628059298e-01
-4.858866826922439941e+01 -5.277353123680677527e+01 -4.184862967582375859e+00
-4.908245906455431395e+01 -5.753757729416247457e+01 -8.455118229608160618e+00
-4.289646855873616005e+01 -6.293911194341671944e+01 -2.004264338468055939e+01
-3.133454869755769323e+01 -5.057925252953282325e+01 -1.924470383197513002e+01
-1.613999810370387422e+01 -1.624848992015540716e+01 -1.084918164515329408e-01
-2.846370421021674701e+00 1.308432014583740965e+01 1.593069056685908436e+01
6.089463213423186971e+00 3.537254792675321369e+01 2.928308471333002672e+01
1.519249482775921933e+01 4.769380064688630227e+01 3.250130581912708294e+01
-7.221480397074174107e+01 -5.516179657771954226e+01 1.705300739302219881e+01
-6.263567875216449465e+01 -4.504987058681945200e+01 1.758580816534504265e+01
-5.617018381675370620e+01 -4.036141683443565853e+01 1.580876698231804767e+01
-4.813673744192328741e+01 -5.068815359721793357e+01 -2.551416155294646160e+00
-4.080720298490450659e+01 -4.874774890903518099e+01 -7.940545924130674393e+00
-3.248387781164728949e+01 -4.042442373577796388e+01 -7.940545924130674393e+00
-2.377650163345697365e+01 -3.022582880200934596e+01 -6.449327168552372314e+00
-1.940718032743461663e+01 -1.944159915229374747e+01 -3.441882485913083656e-02
-1.770715145867598039e+01 -1.255127487733989256e+01 5.155876581336087838e+00
-1.745420261558774655e+01 -1.345521433959129354e+01 3.998988275996453012e+00
-2.350611023379678954e+01 -1.968353404481786129e+01 3.822576188978928258e+00
-3.046004698047363490e+01 -2.609922030209327204e+01 4.360826678380362864e+00
-3.681003604335001000e+01 -4.022158240305634536e+01 -3.411546359706335352e+00
-4.399206733979826822e+01 -5.310699288807427365e+01 -9.114925548276005429e+00
-5.166038074540301750e+01 -6.470365645552647038e+01 -1.304327571012345288e+01
-5.482295765071012283e+01 -7.299790323999422981e+01 -1.817494558928410697e+01
-5.187740622350065678e+01 -7.724449612524767872e+01 -2.536708990174702194e+01
-4.460647960533515288e+01 -7.614443925384239265e+01 -3.153795964850723976e+01
-3.328992907831252523e+01 -4.446158941696103284e+01 -1.117166033864850760e+01
-2.068037036179430288e+01 -1.600966595656882419e+01 4.670704405225478695e+00
-8.964950288833279046e+00 7.383368432258976100e+00 1.634831872109225515e+01
2.747063742572208866e-01 1.809430494949174317e+01 1.781959857523452229e+01
-6.808295224574612803e+01 -5.072913795994190878e+01 1.735381428580421925e+01
-5.964556339839418797e+01 -4.183670253665877681e+01 1.780886086173541116e+01
-5.317347095447712491e+01 -3.742692420537423459e+01 1.574654674910289032e+01
-4.519641155262888788e+01 -4.124368364580914204e+01 3.952727906819745840e+00
-3.822906147609501204e+01 -4.462727512360379478e+01 -6.398213647508782742e+00
-2.921202675245240243e+01 -3.715257267658307683e+01 -7.940545924130674393e+00
-2.105662583062530757e+01 -2.899717175475598196e+01 -7.940545924130674393e+00
-1.659413822336591693e+01 -1.430510443876119098e+01 2.289033784604725952e+00
-1.409423820081246959e+01 -4.896576214013293793e+00 9.197661986799175793e+00
-1.496773255881271325e+01 -8.767334924840724852e+00 6.200397633971988398e+00
-2.058282888647136133e+01 -1.640726388156053872e+01 4.175565004910822609e+00
-2.753099081282471161e+01 -2.652351807715331233e+01 1.007472735671399278e+00
-3.407470190600361093e+01 -4.179768152857650421e+01 -7.722979622572893277e+00
-4.299304992592988128e+01 -5.639349927564489917e+01 -1.340044934971501789e+01
-5.289985329498267674e+01 -7.156335860730905551e+01 -1.866350531232637877e+01
-5.968682489749062370e+01 -8.310601630262135586e+01 -2.341919140513073216e+01
-6.111086654777045624e+01 -9.631118166657324764e+01 -3.520031511880279140e+01
-5.713151448648659425e+01 -1.031473988189418378e+02 -4.601588433245524357e+01
-4.680445405107184342e+01 -8.036647941780393012e+01 -3.356202536673208670e+01
-3.343015639844179532e+01 -4.905843825297688454e+01 -1.562828185453508922e+01
-2.268746750814716506e+01 -2.784782041595462942e+01 -5.160352907807464362e+00
-9.191932496978552081e+00 -1.889530939182350266e+01 -9.703376894844950584e+00
-7.177648459386728064e+01 -5.416769331783052621e+01 1.760879127603675443e+01
-5.881806484425669623e+01 -4.080971119095102040e+01 1.800835365330567583e+01
-4.731746710274273937e+01 -2.921483003186312999e+01 1.810263707087960938e+01
-3.911436848266566813e+01 -3.052929601360119705e+01 8.585072469064471079e+00
-3.369049335943509504e+01 -3.668417651672825741e+01 -2.993683157293162367e+00
-2.661637358971802314e+01 -3.455691951384869753e+01 -7.940545924130674393e+00
-1.809162613709668221e+01 -2.618204481377597403e+01 -8.090418676679291821e+00
-1.279313085142712225e+01 -8.906368898536129564e+00 3.886761952890992688e+00
-1.050676439924700389e+01 7.926950269747976563e-01 1.129945942622180155e+01
-1.120112689365578262e+01 -2.956514948429685319e+00 8.244611945226097305e+00
-1.687974772152847436e+01 -1.143524649590744957e+01 5.444501225621024787e+00
-2.239596982560306060e+01 -2.106485934818192618e+01 1.331110477421134419e+00
-2.885610121385161619e+01 -3.685135786370847200e+01 -7.995256649856855802e+00
-3.843031551392323308e+01 -5.207562457136100420e+01 -1.364530905743777112e+01
-4.779380457201750687e+01 -6.509482624474185286e+01 -1.730102167272434599e+01
-5.745795722926322924e+01 -8.476555894715056638e+01 -2.730760171788733714e+01
-6.696744974143439322e+01 -1.134337961785922744e+02 -4.646634643715788116e+01
-6.351842496014705830e+01 -1.257631931066352990e+02 -6.224476814648824075e+01
-5.470341571519475110e+01 -1.035094448061117873e+02 -4.880602909091703623e+01
-4.363733338599558920e+01 -7.918019119911150483e+01 -3.554285781311591563e+01
-3.307228989902250760e+01 -5.973739306663446769e+01 -2.666510316761196009e+01
-1.885243294226711441e+01 -3.978347342017514165e+01 -2.093104047790802724e+01
-9.022835214137739968e+01 -7.228374347436238168e+01 1.794460866701501800e+01
-7.235292334801852121e+01 -5.425028627713891183e+01 1.810263707087960938e+01
-5.199214831453537045e+01 -3.388951124365576106e+01 1.810263707087960938e+01
-3.353534947726166138e+01 -1.874407468054414494e+01 1.479127479671751644e+01
-3.025746294065720576e+01 -2.518739198192906770e+01 5.070070958728138066e+00
-2.385849033085924020e+01 -2.325656821719076106e+01 6.019221136684791418e-01
-1.499092490923248988e+01 -1.804567143131043849e+01 -3.054746522077948612e+00
-1.011110863210615207e+01 -9.553480825523365638e+00 5.576278065827864339e-01
-7.734096302830948844e+00 -3.499756276551124756e-01 7.384120675175836368e+00
-7.231301604226246127e+00 2.004459318106455612e+00 9.235760922332701739e+00
-1.083991424092619127e+01 -3.694192616604595969e+00 7.145721624321595300e+00
-1.584581207195060415e+01 -1.362028519418163341e+01 2.225526877768970735e+00
-2.262211524241047300e+01 -2.753974831628420361e+01 -4.917633073873730609e+00
-3.141670170828729169e+01 -3.943002711172539421e+01 -8.013325403438102512e+00
-4.110698793112987914e+01 -5.536963833757909015e+01 -1.426265040644921100e+01
-5.073405310241287225e+01 -7.875413757613114285e+01 -2.802008447371827060e+01
-5.984450521158396441e+01 -1.098734499057518406e+02 -5.002894469416787615e+01
-6.283580839662954531e+01 -1.294229516301838885e+02 -6.658714323355434317e+01
-5.797591206535253150e+01 -1.202096984320151023e+02 -6.223378636666257080e+01
-4.602946554389836820e+01 -8.541658637388263742e+01 -3.938712082998426922e+01
-3.152058022491928568e+01 -5.627929855556976690e+01 -2.475871833065048122e+01
-1.532538193177060748e+01 -3.303567129213297449e+01 -1.771028936036236701e+01
-1.152838489057767219e+02 -1.200689257529902534e+02 -4.785076847213531437e+00
-9.116107366778305732e+01 -7.305843659690344793e+01 1.810263707087960938e+01
-6.389364518962611328e+01 -4.579100811874650390e+01 1.810263707087960938e+01
-3.947433417326828931e+01 -2.457426622903221869e+01 1.490006794423607062e+01
-2.801038933879590331e+01 -1.556735420111726853e+01 1.244303513767863478e+01
-2.115805526509484480e+01 -1.536483915593180427e+01 5.793216109163040528e+00
-1.303474122159786930e+01 -1.281250067570908868e+01 2.222405458887806162e-01
-9.022598012611524609e+00 -1.066017440451287257e+01 -1.637576391901347961e+00
-6.050517270895397814e+00 -1.797014057556225453e+00 4.253503213339172362e+00
-3.439589763223011687e+00 5.681644859216248733e+00 9.121234622439260420e+00
-4.228958965702076966e+00 3.908281833903856750e+00 8.137240799605933717e+00
-7.623015271279655281e+00 -3.525735825565789128e+00 4.097279445713866153e+00
-1.359973730945785064e+01 -7.464047639554337366e+00 6.135689669903513277e+00
-2.210710836317139183e+01 -1.375414359410478937e+01 8.352964769066602457e+00
-3.079826731682078389e+01 -3.149559463850982866e+01 -6.973273216890447657e-01
-3.854501210469516082e+01 -6.104288980808541965e+01 -2.249787770339025883e+01
-4.421397822073322459e+01 -8.891007474897833163e+01 -4.469609652824510704e+01
-4.850866414231404633e+01 -1.035252470888799508e+02 -5.501658294656590442e+01
-4.389071609112397709e+01 -9.914457957581635128e+01 -5.525386348469237419e+01
-3.174203993299215654e+01 -6.627086169915219216e+01 -3.452882176616003562e+01
-1.354786185004741128e+01 -3.392388829907031322e+01 -2.037602644902290194e+01
7.710640476505432162e+00 -5.743492120087466901e+00 -1.345413259659289906e+01
-1.378082092624763391e+02 -1.973705479255422688e+02 -5.956233866306592972e+01
-1.029186156491105066e+02 -1.443514938300577342e+02 -4.143287818094722752e+01
-7.662075949452537316e+01 -6.054903803603883716e+01 1.607172145848653599e+01
-4.827476510825181322e+01 -3.583172997057317843e+01 1.244303513767863478e+01
-2.725800892402003228e+01 -1.481497378634139750e+01 1.244303513767863478e+01
-2.176293775954763987e+01 -1.524194426982558070e+01 6.520993489722059167e+00
-1.444953955058281281e+01 -1.314299576556095417e+01 1.306543785021858639e+00
-8.339510489860913367e+00 -9.499942377849947661e+00 -1.160431887989034294e+00
-4.079355748317539110e+00 -3.021121906331245555e+00 1.058233841986293555e+00
-5.314436339422172750e-01 5.550486308058680152e+00 6.081929942000897427e+00
1.663533178903890075e+00 8.671351270619197749e+00 7.007818091715307673e+00
6.293208511224293034e-01 9.478464994905152707e+00 8.849144143782723404e+00
-3.361051311620940396e+00 1.078731255989532656e+01 1.414836387151626695e+01
-9.091692035568485153e+00 7.848205244395103364e+00 1.693989727996358852e+01
-1.412703313827933016e+01 -6.282675147467671195e+00 7.844357990811658965e+00
-1.997595830600130284e+01 -3.362864998723307508e+01 -1.365269168123177224e+01
-2.436322183944957942e+01 -5.969407514024533157e+01 -3.533085330079575215e+01
-2.412934422989746963e+01 -6.677715234553033952e+01 -4.264780811563286989e+01
-1.966961027492379799e+01 -5.907111835191335558e+01 -3.940150807698955759e+01
-7.147647289001724857e+00 -3.014078408838577161e+01 -2.299313679938404675e+01
1.006031224360049237e+01 2.019361304106496391e+00 -8.040950939493995975e+00
2.861621798314808984e+01 2.983530533641624061e+01 1.219087353268150764e+00
-1.486684675401629647e+02 -2.082308062032288944e+02 -5.956233866306592972e+01
-1.107400377988615219e+02 -1.703023764619274516e+02 -5.956233866306592972e+01
-8.118125098144173535e+01 -9.891595176112423360e+01 -1.773470077968249825e+01
-5.531503334489480039e+01 -4.854316768197350029e+01 6.771865662921300100e+00
-3.150308768525792402e+01 -2.205384381786734593e+01 9.449243867390578089e+00
-2.337581744475119194e+01 -1.563369760660498287e+01 7.742119838146209077e+00
-1.826184727694089815e+01 -1.584514117873459327e+01 2.416706098206304887e+00
-1.078882720736419287e+01 -1.623234388568107534e+01 -5.443516678316882462e+00
-4.342615717626358673e+00 -1.096055596572387003e+01 -6.617940248097511358e+00
1.011834366893708648e+00 -1.362277835851273267e-01 -1.148062150478835974e+00
5.560117169992736308e+00 7.633507663972523005e+00 2.073390493979786697e+00
7.306816053958755219e+00 1.682613715562820289e+01 9.519321101669447671e+00
7.628356788724886428e+00 2.331104950427652511e+01 1.568269271555163868e+01
5.101992010474532435e+00 2.488133026369541767e+01 1.977933825322088524e+01
1.694130694907471479e+00 1.145324716316827107e+01 9.759116468260799593e+00
-1.271054234230177826e+00 -5.463700687031632697e+00 -4.192646452801454870e+00
-3.715582882449780300e+00 -2.404505926866386289e+01 -2.032947638621408259e+01
-1.938864610838209046e+00 -2.681150507008169370e+01 -2.487264045924348466e+01
3.310878014833178895e+00 -1.755329908127259841e+01 -2.086417709610577731e+01
1.499133628875370050e+01 1.101936897829546069e+01 -3.971967310458239808e+00
3.042311785345191311e+01 4.214090422667140956e+01 1.171778637321949645e+01
4.866735233346753375e+01 7.203315287581335724e+01 2.336580054234582349e+01
-1.482244856274764970e+02 -1.849733297896318618e+02 -3.674884416215536476e+01
-1.156818151844572640e+02 -1.354787573675821477e+02 -1.979694218312488374e+01
-8.213336179286034167e+01 -8.556889076767129154e+01 -3.435528974810949876e+00
-5.854314593218714435e+01 -5.781994577260047663e+01 7.232001595866677235e-01
-3.519201107659682748e+01 -3.132754007984476630e+01 3.864470996752061183e+00
-2.684982956706880941e+01 -1.989685795795594458e+01 6.952971609112864826e+00
-2.121711872936430154e+01 -2.541251378252673021e+01 -4.195395053162428667e+00
-1.280971773534929525e+01 -3.115729698752784316e+01 -1.834757925217854790e+01
-5.377877449832340062e+00 -2.005181166623151512e+01 -1.467393421639917506e+01
8.032716369443733129e-01 -5.828292085067005246e+00 -6.631563722011378559e+00
6.696532369905980886e+00 4.957105323473115277e+00 -1.739427046432865609e+00
1.258409981301792868e+01 1.746230645604191523e+01 4.878206643023986544e+00
1.420373462261068198e+01 2.568358311434985808e+01 1.147984849173917610e+01
1.590334904910923797e+01 3.249934249781290418e+01 1.659599344870366622e+01
1.488410132490207616e+01 2.722408513219488668e+01 1.233998380729281052e+01
1.436917987225660909e+01 1.742293744734161010e+01 3.053757575085001008e+00
1.320571605501390877e+01 8.428387393326374877e+00 -4.777328661687533895e+00
1.625892350093454297e+01 1.052560481574528239e+01 -5.733318685189260577e+00
2.277510997756053257e+01 1.839118909598437313e+01 -4.383920881576159445e+00
3.356653249167720787e+01 4.765033733028758434e+01 1.408380483861037646e+01
4.778368813716406294e+01 7.787338032186471537e+01 3.008969218470065243e+01
6.178390142507396376e+01 1.000850251865167593e+02 3.830112376144279551e+01
-1.371031666893359215e+02 -1.357502520827829358e+02 1.352914606552985788e+00
-1.123672653732946856e+02 -9.233556555837458291e+01 2.003169981492010265e+01
-7.887260152737235330e+01 -5.834200986246560205e+01 2.053059166490675125e+01
-5.407551686626175069e+01 -5.382188530865551002e+01 2.536315576062406763e-01
-3.494888876535878808e+01 -3.624148644906654226e+01 -1.292597683707754186e+00
-2.877142689714401058e+01 -3.388439416499659274e+01 -5.112967267852582154e+00
-2.259299800422468252e+01 -4.616344357875095739e+01 -2.357044557452627487e+01
-1.298496761238311592e+01 -3.893390792271293321e+01 -2.594894031032981729e+01
-5.116294049088537577e+00 -2.707614752452172979e+01 -2.195985347543319222e+01
5.354746329248882830e-01 -9.836244219016407442e+00 -1.037171885194129572e+01
7.305460005534769152e+00 3.523039338163471257e+00 -3.782420667371297895e+00
1.447702372013827699e+01 1.439033397555249394e+01 -8.668974458578304620e-02
1.884981577857524826e+01 2.425431096337888448e+01 5.404495184803636221e+00
2.266442569258197182e+01 3.297351662408254924e+01 1.030909093150057743e+01
2.504352502796427871e+01 3.852365489149360656e+01 1.348012986352932785e+01
2.688382890374214185e+01 3.637908878052985528e+01 9.495259876787713438e+00
2.856096807619996980e+01 3.650136084559835581e+01 7.940392769398386008e+00
3.262452006924286252e+01 4.048673201987912762e+01 7.862211950636265101e+00
3.959724394123713864e+01 4.727177705593931023e+01 7.674533114702171588e+00
4.927135505991645914e+01 6.767936780852505763e+01 1.840801274860859849e+01
6.119408040824964701e+01 1.018453502761540221e+02 4.065126986790437513e+01
7.366773260846275662e+01 1.224612629933426433e+02 4.879353038487988670e+01
-1.295826431642190073e+02 -9.490133481698467222e+01 3.468130834723433509e+01
-1.024487216086517947e+02 -5.104359364487027051e+01 5.140512796378152416e+01
-7.354006351172210998e+01 -4.373584458630466543e+01 2.980421892541744455e+01
-4.741156615887030057e+01 -3.913979643985749135e+01 8.271769719012809219e+00
-3.164629766827874846e+01 -3.489625643564431812e+01 -3.249958767365569656e+00
-2.535202399184709066e+01 -3.761463599402395630e+01 -1.226261200217686564e+01
-1.869602306268643588e+01 -4.000847237265406875e+01 -2.131244930996763287e+01
-9.902147408464770706e+00 -3.105450995519277058e+01 -2.115236254672799987e+01
-3.497165746452992607e+00 -2.375980034755048109e+01 -2.026263460109748848e+01
1.392185878468808369e+00 -9.469157204899602220e+00 -1.086134308336841059e+01
7.515852570691095025e+00 3.627783152240226627e+00 -3.888069418450868397e+00
1.479576568016364035e+01 1.493757382496369246e+01 1.418081448000521050e-01
2.253410948591863416e+01 2.267795352452776569e+01 1.438440386091315304e-01
2.853472953137224977e+01 3.167441924548893439e+01 3.139689714116684627e+00
3.230553080117260834e+01 4.072511617449890764e+01 8.419585373326299305e+00
3.571080958293987351e+01 4.922249568602910585e+01 1.351168610308923235e+01
3.849358963434042380e+01 5.406481317146244692e+01 1.557122353712202312e+01
4.294191320138088486e+01 5.780342075512271549e+01 1.486150755374183063e+01
4.984700350070215791e+01 6.225946938176548429e+01 1.241246588106332638e+01
5.956391298917151289e+01 7.636206561618473643e+01 1.679815262701322354e+01
7.057521701882978959e+01 1.051257480190406568e+02 3.455053100021086721e+01
8.075436096355588234e+01 1.266613419932882607e+02 4.590698102973237837e+01
-1.231390722558035122e+02 -6.731025264806157793e+01 5.582881960774193431e+01
-9.083920328418480494e+01 -3.018512018177625578e+01 6.065408310240854917e+01
-6.294408092499725171e+01 -2.370998434350531170e+01 3.923409658149194001e+01
-3.800494008542409574e+01 -3.391904295827589522e+01 4.085897127148200525e+00
-2.439181448335693858e+01 -3.496940291292685288e+01 -1.057758842956991430e+01
-1.701548777531752421e+01 -3.390223666334986774e+01 -1.688674888803234353e+01
-1.183412117502666661e+01 -2.992686490951382439e+01 -1.809274373448715778e+01
-5.808592693960235920e+00 -2.216028497303523181e+01 -1.635169227907499589e+01
-3.790846510464689345e-01 -1.322844900114250777e+01 -1.284936435009603883e+01
4.203346972951294447e+00 -3.658362843694703770e+00 -7.861709816645998217e+00
8.862657501679677807e+00 6.565784263751993421e+00 -2.296873237927684386e+00
1.600789988397627894e+01 1.601434751302349468e+01 6.447629047215741593e-03
2.434296078596980806e+01 2.363494229359457677e+01 -7.080184923752312898e-01
3.276444818124036829e+01 3.368215644135034381e+01 9.177082601099755266e-01
3.808467850136457855e+01 4.507906453617124498e+01 6.994386034806666430e+00
4.182091382740327390e+01 5.429825525014621235e+01 1.247734142274293845e+01
4.507780544812158041e+01 6.121313982954598032e+01 1.613533438142439991e+01
4.822559697674842027e+01 6.438765503939248447e+01 1.616205806264406419e+01
5.569668824059226608e+01 6.952354593816744455e+01 1.382685769757517846e+01
6.528056018134611804e+01 7.711055562364890648e+01 1.182999544230278843e+01
7.527635094916968228e+01 9.261490579596647876e+01 1.733855484679679648e+01
8.822695170856877667e+01 1.280106488836818244e+02 3.978369717511304771e+01
-1.161531932109592162e+02 -9.773035915497257520e+01 1.842283405598664103e+01
-8.240303393266276544e+01 -5.684286715842154081e+01 2.556016677424122463e+01
-4.720330510082658293e+01 -2.190862473924062215e+01 2.529468036158596078e+01
-3.124351651358756499e+01 -4.463782561442076258e+01 -1.339430910083319759e+01
-1.812157818496143591e+01 -3.281296673984525114e+01 -1.469138855488381523e+01
-8.160482060023241502e+00 -2.007183798654205020e+01 -1.191135592651880870e+01
-3.625518420155458443e+00 -1.451563079708103032e+01 -1.089011237692557188e+01
2.096150627003225964e-01 -8.613481439651877736e+00 -8.823096502352200332e+00
4.021566695043475193e+00 -3.023688032776590262e+00 -7.045254727820065455e+00
7.655181830103174434e+00 4.013197869395298767e+00 -3.641983960707875667e+00
1.208536265994735004e+01 1.103381965435983147e+01 -1.051543005587518564e+00
1.758748543650199281e+01 1.744870624633949774e+01 -1.387791901624950697e-01
2.553264410304927878e+01 2.543231844990805257e+01 -1.003256531412262120e-01
3.271122019867016206e+01 3.269922623010461393e+01 -1.199396856554812985e-02
3.946676583128464699e+01 4.320644689392247528e+01 3.739681062637828290e+00
4.519214493083563866e+01 5.407854346083058772e+01 8.886398529994949058e+00
4.869624523831862462e+01 6.307166925768888177e+01 1.437542401937025716e+01
5.185503855605020362e+01 6.669996543076013040e+01 1.484492687470992678e+01
5.630071564584432053e+01 6.913359280208260316e+01 1.283287715623828262e+01
6.438021372122784669e+01 7.477632820126200386e+01 1.039611448003415717e+01
7.506285134437803208e+01 8.486620345178380376e+01 9.803352107405771676e+00
8.593519983614351077e+01 nan nan
-1.125952545118516355e+02 -1.394746911802758405e+02 -2.687943666842420498e+01
-7.442289027676906699e+01 -9.228902583441504248e+01 -1.786613555764597550e+01
-3.971200310458607419e+01 -5.625286498144578218e+01 -1.654086187685970799e+01
-2.305785941290105256e+01 -3.296876212892948388e+01 -9.910902716028431314e+00
-1.124828998581415362e+01 -1.710950731459433882e+01 -5.861217328780185198e+00
-1.240406292798979848e+00 -3.941691202653601067e+00 -2.701284909854621219e+00
2.944771414956449007e+00 4.137442293504136615e-01 -2.531027185606035346e+00
6.060547390186911798e+00 3.511641682174740708e+00 -2.548905708012171090e+00
8.536503196687590389e+00 6.885011066686274717e+00 -1.651492130001315672e+00
1.181724762497560732e+01 1.122622522750316421e+01 -5.910223974724431173e-01
1.597211180024532950e+01 1.632157329196343198e+01 3.494614917181024794e-01
2.049983663198963768e+01 2.084897708764765412e+01 3.491404556580164353e-01
2.587387276264507818e+01 2.717556056185730995e+01 1.301687799212231766e+00
3.146351792939549341e+01 3.295533787725798902e+01 1.491819947862495610e+00
3.680383226757112425e+01 3.915186453274691303e+01 2.348032265175788780e+00
4.185673986080109898e+01 4.792231271818582172e+01 6.065572857384722738e+00
4.553513379884498136e+01 5.613811859044017183e+01 1.060298479159519047e+01
4.904889614420244470e+01 6.248039204475298902e+01 1.343149590055054432e+01
5.377984072703839047e+01 6.559114348616276402e+01 1.181130275912437355e+01
5.959408510965113237e+01 6.831686139565590565e+01 8.722776286004773283e+00
6.652535518612694432e+01 7.488076121581798361e+01 8.355406029691039294e+00
7.786641729902021325e+01 nan nan
-1.024404749460454696e+02 -1.399977661611628719e+02 -3.755729121511740232e+01
-6.751771045341320132e+01 -9.166275683100866445e+01 -2.414504637759546313e+01
-3.401390011485636933e+01 -4.516210457064335060e+01 -1.114820445578698127e+01
-1.626115497943010269e+01 -1.714397501742041641e+01 -8.828200379903137218e-01
-5.601766727814720070e+00 -3.504335547751907143e+00 2.097431180062812928e+00
3.405224108765651181e+00 7.300849315275627305e+00 3.895625206509976124e+00
6.840545828004906070e+00 1.180747952904675913e+01 4.966933701041853055e+00
1.012043367044680053e+01 1.479016822249923280e+01 4.669734552052432264e+00
1.288451125343544845e+01 1.553717061944371380e+01 2.652659366008265351e+00
1.596981916990080208e+01 1.749101770221113838e+01 1.521198532310336304e+00
1.930862505985078315e+01 2.103609555434923095e+01 1.727470494498447806e+00
2.268212294766181003e+01 2.347124551543856796e+01 7.891225677767579327e-01
2.585282455168817251e+01 2.635018734771620075e+01 4.973627960280282423e-01
2.951152861143691553e+01 3.066807665932810778e+01 1.156548047891192255e+00
3.342571344962107105e+01 3.518683129144028499e+01 1.761117841819213936e+00
3.634951872142755747e+01 3.936451145158116560e+01 3.014992730153608136e+00
3.944494717587531341e+01 4.591433803635572986e+01 6.469390860480416450e+00
4.259222210124880803e+01 5.326884012099071697e+01 1.067661801974190894e+01
4.612861067391986580e+01 5.523015140771622100e+01 9.101540733796355198e+00
5.157064875304149609e+01 5.992605478273253539e+01 8.355406029691039294e+00
5.618938374660865520e+01 6.454478977629969449e+01 8.355406029691039294e+00
6.207600376053687796e+01 nan nan
-9.374469281121582753e+01 -1.299202505951998319e+02 -3.617555778398400435e+01
-5.978338787216671335e+01 -7.440406689615429059e+01 -1.462067902398757724e+01
-2.865123216047868482e+01 -3.018975482365203789e+01 -1.538522663173353067e+00
-1.162853346052816050e+01 -6.898304774505959358e+00 4.730228686022201146e+00
-2.095359081781680288e+00 3.025840289513325843e+00 5.121199371295006131e+00
5.878126063681520463e+00 1.211984227588891372e+01 6.241716212207393255e+00
9.222239865380288393e+00 1.662832941252145247e+01 7.406089547141164076e+00
1.318936776982627634e+01 2.025304947013501078e+01 7.063681700308734435e+00
1.606506899812120537e+01 2.093793770148295152e+01 4.872868703361746157e+00
1.913606454887758446e+01 2.282519553353631636e+01 3.689130984658731904e+00
2.177382785492409312e+01 2.491126843478014052e+01 3.137440579856047407e+00
2.404364046156115364e+01 2.577566837624362961e+01 1.732027914682475966e+00
2.625196506419706566e+01 2.621885393978391221e+01 -3.311112441315344768e-02
2.781534059342084220e+01 2.613422114800869167e+01 -1.681119445412150526e+00
3.002448254049886600e+01 2.807897688884168019e+01 -1.945505651657185808e+00
3.198233113848800713e+01 3.083833558758215077e+01 -1.143995550905856362e+00
3.386556137305524317e+01 3.369864539058107766e+01 -1.669159824741655029e-01
3.545644978143900516e+01 3.761239356108762877e+01 2.155943779648623604e+00
3.709825939789516269e+01 4.247838135391612013e+01 5.380121956020957441e+00
3.809046324894552527e+01 nan nan
3.850636754882089008e+01 nan nan
3.863226848646445433e+01 nan nan
-8.292193965011392720e+01 -1.169565909742896110e+02 -3.403465132417568384e+01
-5.170204731278863619e+01 -5.424677735218938324e+01 -2.544730039400747046e+00
-2.568979444902652176e+01 -1.914223928936735319e+01 6.547555159659168567e+00
-9.480307072459254414e+00 -3.141372519356082194e+00 6.338934553103172220e+00
1.032795109995277016e-01 5.686064952378728776e+00 5.582785441379201075e+00
7.096723966285026108e+00 1.289453385664000962e+01 5.797809890354983509e+00
1.117999859172596189e+01 1.765309167296800297e+01 6.473093081242041080e+00
1.578937663946726389e+01 2.329115478188214183e+01 7.501778142414877948e+00
1.904272728154137440e+01 2.538114483309800562e+01 6.338417551556631224e+00
2.145150052330973267e+01 2.678146314175228326e+01 5.329962618442550593e+00
2.336391618403285975e+01 2.797833597062071931e+01 4.614419786587859562e+00
2.500867721611484740e+01 2.765958377647166344e+01 2.650906560356816044e+00
2.608562886725485441e+01 2.637794189094074682e+01 2.923130236858924036e-01
2.688252391792684648e+01 2.271139966512237152e+01 -4.171124252804474963e+00
2.741658420693875087e+01 2.171869623040856823e+01 -5.697887976530182641e+00
2.920686857019336458e+01 2.414835925964598573e+01 -5.058509310547378846e+00
3.063047353309048049e+01 2.626733626826899126e+01 -4.363137264821489225e+00
3.175680183676104207e+01 2.856268379070297669e+01 -3.194118046058065374e+00
3.243807571377692511e+01 3.184157208029682806e+01 -5.965036334800970508e-01
3.256960436813642445e+01 2.570746980472722498e+01 -6.862134563409199473e+00
3.305871664059668547e+01 nan nan
2.706892496158798167e+01 nan nan
-7.074133390752376727e+01 -8.703562139710265910e+01 -1.629428748957889184e+01
-4.233995278551537922e+01 -3.026438733923350810e+01 1.207556544628187112e+01
-2.322498576061116182e+01 -1.142075056527573906e+01 1.180423519533542276e+01
-6.891365187115297886e+00 3.640374094848084496e-01 7.255402596600106335e+00
2.471759336199284007e+00 7.481149046618156717e+00 5.009389710418872710e+00
7.561288703521313437e+00 1.103916591992401663e+01 3.477877216402703198e+00
1.215529971660816955e+01 1.549546273568648758e+01 3.340163019078318030e+00
1.710280024378153030e+01 2.130066752259608620e+01 4.197867278814555902e+00
2.050794598165339266e+01 2.688301314509681106e+01 6.375067163443418394e+00
2.311600750268280535e+01 2.975372362993130082e+01 6.637716127248495468e+00
2.501461306173496268e+01 3.091879725066792162e+01 5.904184188932958932e+00
2.545733782750539831e+01 2.899522835999505332e+01 3.537890532489655016e+00
2.594379440819011506e+01 2.717204675708580908e+01 1.228252348895694013e+00
2.605587451481460448e+01 2.030915072748757666e+01 -5.746723787327027821e+00
2.707599435310021363e+01 1.774940764402890636e+01 -9.326586709071307268e+00
2.821538766495905293e+01 1.991573920290284150e+01 -8.299648462056211429e+00
2.919298725232238212e+01 2.250918448032098240e+01 -6.683802772001399717e+00
3.036736996412491862e+01 2.436394349473903276e+01 -6.003426469385885866e+00
3.123568903566228983e+01 2.391651048567382531e+01 -7.319178549988464511e+00
3.168334710079034267e+01 2.116526054448968353e+01 -1.051808655630065914e+01
3.229486375484793825e+01 1.914444388272659126e+01 -1.315041987212134700e+01
3.018435360120929545e+01 nan nan
-5.759426976604663651e+01 -5.700443774985524215e+01 5.898320161913943593e-01
-3.796840407179297472e+01 -1.780418544445365114e+01 2.016421862733932358e+01
-1.954443236819315644e+01 -1.484733536633029871e+00 1.805969883156012656e+01
-2.890087301883795590e+00 7.184126132137862442e+00 1.007421343402165803e+01
1.837877081365149934e+00 7.015838426917980541e+00 5.177961345552830608e+00
7.470357290125321015e+00 9.753197442624696123e+00 2.282840152499375108e+00
1.291959721973580599e+01 1.401662087079694174e+01 1.097023651061135752e+00
1.759654776121260511e+01 1.947659046638000291e+01 1.880042705167397799e+00
2.203203456468872901e+01 2.683502683894585061e+01 4.802992274257121608e+00
2.479436372978216241e+01 3.201375931863185542e+01 7.219395588849693013e+00
2.666130586601866526e+01 3.471290919693274191e+01 8.051603330914076651e+00
2.634825223564075714e+01 3.259966095166237210e+01 6.251408716021614964e+00
2.513865436503419915e+01 2.768997532657158445e+01 2.551320961537385301e+00
2.583724422404429788e+01 2.014620023353290890e+01 -5.691043990511388984e+00
2.742693393309673411e+01 1.640259848851837887e+01 -1.102433544457835524e+01
2.876054282754466840e+01 1.939553983203222742e+01 -9.365002995512440975e+00
2.995879431380399183e+01 2.322902243564476521e+01 -6.729771878159226617e+00
3.113953568255692517e+01 2.453415914768629591e+01 -6.605376534870629257e+00
3.213659442892094376e+01 2.486573500499343936e+01 -7.270859423927504395e+00
3.272789182921769680e+01 2.335249459626538737e+01 -9.375397232952309423e+00
3.316875284734396701e+01 2.022291261743066570e+01 -1.294584022991330130e+01
3.195480287675582076e+01 1.870383694001429831e+01 -1.325096593674152246e+01
-4.913205237912825396e+01 -2.746998225268362148e+01 2.166207012644463248e+01
-3.184007838627621823e+01 -1.015156281297640817e+01 2.168851557329981006e+01
-1.595844329031024245e+01 3.761092872205153981e+00 1.971953616251539643e+01
-4.469048684274639527e+00 1.136236979341356346e+01 1.583141847768820298e+01
5.146468657039804384e-02 6.095522352853549819e+00 6.044057666283151775e+00
5.142486845612438628e+00 2.675916301771394501e+00 -2.466570543841044127e+00
7.968226287118341133e+00 6.198093470717140008e+00 -1.770132816401201126e+00
1.311582830210682005e+01 1.519842905388395593e+01 2.082600751777135883e+00
1.905742893940532667e+01 2.407064578649624309e+01 5.013216847090916417e+00
2.521948269412951049e+01 3.256520516592445347e+01 7.345722471794942976e+00
2.819189743623792310e+01 3.745752645044467499e+01 9.265629014206751890e+00
2.724558905371395667e+01 3.674854652407975664e+01 9.502957470365799963e+00
2.477875940248031839e+01 3.014018564741127193e+01 5.361426244930953544e+00
2.618615248391415662e+01 2.273487328891769721e+01 -3.451279194996459410e+00
2.831255381495520851e+01 1.643610335748599027e+01 -1.187645045746921824e+01
3.002996715002063866e+01 2.414987768178525585e+01 -5.880089468235382810e+00
3.158676214584011177e+01 2.729984877675997268e+01 -4.286913369080139091e+00
3.286169191450790095e+01 2.794194334047824668e+01 -4.919748574029654264e+00
3.355479863688105979e+01 2.684484602986321988e+01 -6.709952607017839910e+00
3.406512507463412476e+01 2.530915858209027647e+01 -8.755966492543848290e+00
3.401304841623186803e+01 2.196626356888100418e+01 -1.204678484735086386e+01
3.300007063232533255e+01 1.997041718863965798e+01 -1.302965344368567457e+01
